"sample_type"	"Plot"	"Block"	"Treatment"	"GrazeTime"	"AG"	"BG"	"BX"	"CBH"	"LAP"	"NAG"	"PER1"	"PEROX"	"PHENOX"	"PHOS"	"DON_mgkgdrysoil"	"MBC_mgkgdrysoil"	"MBN_mgkgdrysoil"	"minN_mgkgdrysoil"	"NH4_mgkgdrysoil"	"NO3_mgkgdrysoil"	"NPOC_mgkgdrysoil"	"Gravmois"	"biomass_kg_plot"
"bulk"	1	1	"NO"	"1WK"	56.4364538946	596.50337444	100.882149312	57.1093610486	716.47244532	80.06081318	2.0154817964	4.969285351	3.4630169914	306.66758	8.9894496738	780.86105624	28.369925284	4.700012601	4.700012601	1e-05	274.04019626	7.46	1459.65705882353
"rhizospheric"	1	1	"NO"	"1WK"	NA	NA	NA	NA	NA	NA	NA	NA	NA	NA	NA	NA	NA	NA	NA	NA	NA	NA	NA
"bulk"	2	1	"LO"	"1WK"	30.0192260674	443.41441908	63.900483972	37.258892468	503.88948526	61.149422746	2.8071617322	8.0468868976	5.722833486	176.251823486	9.6296173752	408.79529825	17.941307425	2.6249131294	2.6119732576	0.0129498718	243.00786434	8.422	1121.92805504587
"rhizospheric"	2	1	"LO"	"1WK"	NA	NA	NA	NA	NA	NA	NA	NA	NA	NA	NA	NA	NA	NA	NA	NA	NA	NA	NA
"bulk"	3	1	"HI"	"1WK"	71.55598136	601.27218814	123.465766116	59.29422135	610.37802912	55.21443433	3.437622591	4.5676629906	1.868165637	189.75283568	10.227192466	674.3697673	33.07021887	2.9691090998	2.9691090998	1e-05	212.11933904	9.434	2100.47733333334
"rhizospheric"	3	1	"HI"	"1WK"	NA	NA	NA	NA	NA	NA	NA	NA	NA	NA	NA	NA	NA	NA	NA	NA	NA	NA	NA
"bulk"	4	2	"NO"	"1WK"	47.350325972	452.8351568	77.438021086	42.290347872	616.55818158	46.310220644	2.7322818878	4.2913544812	2.0414877792	53.4513732262	7.2413166276	447.3660142	18.11402541	5.0246691704	5.0246691704	1e-05	192.51361436	7.984	2058.04806722689
"rhizospheric"	4	2	"NO"	"1WK"	NA	NA	NA	NA	NA	NA	NA	NA	NA	NA	NA	NA	NA	NA	NA	NA	NA	NA	NA
"bulk"	5	2	"LO"	"1WK"	39.086967126	410.96623794	66.171178676	42.830516986	566.20431474	35.589403852	0.7171121852	3.187825652	3.1729846422	1.939089275	5.8408107744	688.57790684	22.74332143	3.7651418472	3.7651418472	1e-05	159.77095452	7.5	1544.12747887324
"rhizospheric"	5	2	"LO"	"1WK"	NA	NA	NA	NA	NA	NA	NA	NA	NA	NA	NA	NA	NA	NA	NA	NA	NA	NA	NA
"bulk"	6	2	"HI"	"1WK"	44.1431349	613.21464146	89.820669756	100.255387252	588.88254578	66.675974652	0.3531220448	2.6726393802	3.3282283214	28.775417218	5.3233176722	649.46770722	27.375640698	5.803953666	5.803953666	1e-05	192.475367348	11.434	1742.56587931035
"rhizospheric"	6	2	"HI"	"1WK"	NA	NA	NA	NA	NA	NA	NA	NA	NA	NA	NA	NA	NA	NA	NA	NA	NA	NA	NA
"bulk"	7	3	"LO"	"1WK"	38.68780343	420.15988896	63.339183914	42.101860586	551.92511046	51.808371314	2.4343489656	5.6521983766	3.8887326338	56.493335034	8.6042991642	325.107072	19.5541287104	5.0598336056	5.0598336056	1e-05	210.80870444	5.854	1285.80442622951
"rhizospheric"	7	3	"LO"	"1WK"	NA	NA	NA	NA	NA	NA	NA	NA	NA	NA	NA	NA	NA	NA	NA	NA	NA	NA	NA
"bulk"	8	3	"NO"	"1WK"	14.7499001068	405.17305306	53.436910794	42.9448683034	466.19605916	23.657464365	1.300015852	3.6043314118	3.8374767346	33.901729272	9.2580019308	203.683465926	20.0675321304	2.831777326	2.831777326	1e-05	681.70240238	8.622	1907.83265306122
"rhizospheric"	8	3	"NO"	"1WK"	NA	NA	NA	NA	NA	NA	NA	NA	NA	NA	NA	NA	NA	NA	NA	NA	NA	NA	NA
"bulk"	9	3	"HI"	"1WK"	15.571719866	402.54130354	48.44596535	29.3623548362	553.91017198	21.0600736626	1.3679125802	5.8010382044	4.766656522	77.195573732	7.2941906186	224.57102088	19.4103641598	5.8211063386	5.8211063386	1e-05	285.37721026	7.764	1404.7873381295
"rhizospheric"	9	3	"HI"	"1WK"	NA	NA	NA	NA	NA	NA	NA	NA	NA	NA	NA	NA	NA	NA	NA	NA	NA	NA	NA
"bulk"	1	1	"NO"	"24H"	16.1121158652	378.72051324	56.572589328	28.81638175	503.6528466	4.9314998914	3.7120385392	8.2709899026	4.558951364	20.232455798	9.9692186322	165.786743038	23.55743202	2.8618992594	2.8618992594	1e-05	219.9291887	7.692	1441.0697979798
"rhizospheric"	1	1	"NO"	"24H"	NA	NA	NA	NA	NA	NA	NA	NA	NA	NA	NA	NA	NA	NA	NA	NA	NA	NA	NA
"bulk"	2	1	"LO"	"24H"	16.96516881	453.66176046	63.414595084	32.611319814	531.9274365	8.2103430298	8.1420031984	11.2059569148	3.0639537168	2.7692958598	9.2282884514	282.4096937	32.022544046	2.2008827736	2.2008827736	1e-05	193.80192496	8.11	1538.07687378641
"rhizospheric"	2	1	"LO"	"24H"	NA	NA	NA	NA	NA	NA	NA	NA	NA	NA	NA	NA	NA	NA	NA	NA	NA	NA	NA
"bulk"	3	1	"HI"	"24H"	27.441250258	454.8897656	91.761906016	45.166804054	686.16145614	37.7946159214	9.6723859904	16.80903439	7.1366483996	39.0364773642	13.765631598	406.86102172	44.85324705	2.3365119572	2.3365119572	1e-05	247.83722928	15.97	2000.69309090909
"rhizospheric"	3	1	"HI"	"24H"	NA	NA	NA	NA	NA	NA	NA	NA	NA	NA	NA	NA	NA	NA	NA	NA	NA	NA	NA
"bulk"	4	2	"NO"	"24H"	12.591360378	327.8365484	54.063354898	25.47117598	589.9743723	14.34097639	4.1516266876	8.4178235442	4.9268702812	0	9.1216609414	195.02677244	30.426987922	3.0241405018	3.0241405018	1e-05	283.81022206	13.112	1824.17820689655
"rhizospheric"	4	2	"NO"	"24H"	NA	NA	NA	NA	NA	NA	NA	NA	NA	NA	NA	NA	NA	NA	NA	NA	NA	NA	NA
"bulk"	5	2	"LO"	"24H"	12.3068826138	317.53202004	53.654333246	27.442717	551.41429672	37.95474791	5.8399215748	8.6413518144	4.26115751	0	10.0862909474	146.31096514	27.33662497	4.034106936	3.98021118	0.053905756	236.60748428	8.27	2030.30762857143
"rhizospheric"	5	2	"LO"	"24H"	NA	NA	NA	NA	NA	NA	NA	NA	NA	NA	NA	NA	NA	NA	NA	NA	NA	NA	NA
"bulk"	6	2	"HI"	"24H"	20.7887251292	358.23137194	50.532801546	49.173513328	315.58906286	42.2911478894	0.663726422	5.2587565788	5.557033657	36.76431606	6.9752342338	206.478683228	24.546647152	2.8906527302	2.8906527302	1e-05	174.39812428	9.292	1583.09603636364
"rhizospheric"	6	2	"HI"	"24H"	NA	NA	NA	NA	NA	NA	NA	NA	NA	NA	NA	NA	NA	NA	NA	NA	NA	NA	NA
"bulk"	7	3	"LO"	"24H"	18.031850364	382.17751056	60.635863784	32.0321338686	458.77753	22.8451192602	0.5092972858	6.7358539188	9.2218406098	0	8.1344784882	422.86203038	34.378904646	2.7256418548	2.5337280024	0.1919238524	141.1350146	9.494	1852.61163934426
"rhizospheric"	7	3	"LO"	"24H"	NA	NA	NA	NA	NA	NA	NA	NA	NA	NA	NA	NA	NA	NA	NA	NA	NA	NA	NA
"bulk"	8	3	"NO"	"24H"	23.982368464	412.57319824	56.606980408	37.972160944	433.78569084	30.594860154	0	2.1079151802	6.3390375856	0	8.6930862832	306.91712778	32.007443454	2.7583099796	2.7583099796	1e-05	169.31624278	10.614	1938.6543364486
"rhizospheric"	8	3	"NO"	"24H"	NA	NA	NA	NA	NA	NA	NA	NA	NA	NA	NA	NA	NA	NA	NA	NA	NA	NA	NA
"bulk"	9	3	"HI"	"24H"	20.18886305	462.05392584	64.57290594	19.3470411666	611.97599786	28.39733547	3.123585985	8.6969990908	5.7510700002	2.0595994264	10.619126396	297.17811816	37.562118724	4.1379155498	3.7012057126	0.4367198372	431.7401022	12.852	1261.61358878505
"bulk"	1	1	"NO"	"4WK"	13.6100743184	445.00243222	64.732509236	47.085206968	628.79786044	9.7123342532	3.2200614708	7.6498947246	5.195354252	0	8.3328723374	269.99083436	32.686777668	1.3104064018	1.2486591962	0.0617572056	241.86964988	15.124	1511.32622
"rhizospheric"	1	1	"NO"	"4WK"	NA	NA	NA	NA	NA	NA	NA	NA	NA	NA	NA	NA	NA	NA	NA	NA	NA	NA	NA
"bulk"	2	1	"LO"	"4WK"	9.741253492	420.01879186	67.96859692	45.84168876	603.21188302	17.3149820308	2.966737178	9.5463136222	6.5795764432	12.630631654	8.2440051278	502.46833042	37.137856118	0.7968492486	0.7968492486	1e-05	139.89600896	14.02	1281.37343333334
"rhizospheric"	2	1	"LO"	"4WK"	NA	NA	NA	NA	NA	NA	NA	NA	NA	NA	NA	NA	NA	NA	NA	NA	NA	NA	NA
"bulk"	3	1	"HI"	"4WK"	24.7918136004	502.87689178	86.738940458	57.959248998	557.59948856	22.0188511996	3.7404659338	13.8924423646	10.475091283	0	8.1919664994	448.21091182	39.473422128	1.0133655614	1.0133655614	1e-05	194.31946784	12.814	2467.58895495495
"rhizospheric"	3	1	"HI"	"4WK"	NA	NA	NA	NA	NA	NA	NA	NA	NA	NA	NA	NA	NA	NA	NA	NA	NA	NA	NA
"bulk"	4	2	"NO"	"4WK"	26.29392847	464.96358306	86.445894852	53.379341246	571.9568557	29.01717473	1.6423910406	4.0275778564	4.296514652	0	7.0735201114	249.618269048	32.420397192	0.8179211558	0.8179211558	1e-05	198.105621142	17.34	2040.2849032258
"rhizospheric"	4	2	"NO"	"4WK"	NA	NA	NA	NA	NA	NA	NA	NA	NA	NA	NA	NA	NA	NA	NA	NA	NA	NA	NA
"bulk"	5	2	"LO"	"4WK"	17.4855248868	410.71279416	71.208657322	50.261769232	490.95147042	27.5536229014	1.6734662582	5.8849133908	4.7297080552	0	7.3051234976	234.40590446	35.874220206	1.6106797982	1.6106797982	1e-05	159.933156644	16.86	1865.63627906977
"rhizospheric"	5	2	"LO"	"4WK"	NA	NA	NA	NA	NA	NA	NA	NA	NA	NA	NA	NA	NA	NA	NA	NA	NA	NA	NA
"bulk"	6	2	"HI"	"4WK"	19.50894177	382.40369942	55.852718502	41.200263756	288.84280236	31.63668334	2.62004894	4.2718001428	1.9090162362	0	6.8533397192	300.21639198	40.707411388	1.3575134056	1.3575134056	1e-05	143.02727658	19.284	1872.66057553957
"rhizospheric"	6	2	"HI"	"4WK"	NA	NA	NA	NA	NA	NA	NA	NA	NA	NA	NA	NA	NA	NA	NA	NA	NA	NA	NA
"bulk"	7	3	"LO"	"4WK"	33.299121524	492.32538594	63.875073488	56.421792436	431.96290574	37.23392133	1.3545565314	4.023196823	4.1937929934	0	6.7994600512	355.8490292	43.872490332	1.9968610926	0.5927969808	1.4040741118	110.16113167	16.008	1443.0690212766
"rhizospheric"	7	3	"LO"	"4WK"	NA	NA	NA	NA	NA	NA	NA	NA	NA	NA	NA	NA	NA	NA	NA	NA	NA	NA	NA
"bulk"	8	3	"NO"	"4WK"	34.272461938	451.1921975	62.797422918	53.734891722	476.15795638	47.968983078	3.5917816712	4.3024719518	2.6044222752	25.78214142	5.070325145	246.52722194	43.961510508	2.5852977204	0.6247039666	1.9606037538	251.862417314	20.35	1987.81720496894
"rhizospheric"	8	3	"NO"	"4WK"	NA	NA	NA	NA	NA	NA	NA	NA	NA	NA	NA	NA	NA	NA	NA	NA	NA	NA	NA
"bulk"	9	3	"HI"	"4WK"	32.70247349	455.2375096	74.028800092	56.934417772	551.65349374	25.86250085	2.3800875794	5.1781551468	3.3976967446	0	6.6876186814	290.98412946	45.128975186	2.8527364988	1.4082889674	1.4444575314	127.193048928	14.95	1501.38349700599
"rhizospheric"	9	3	"HI"	"4WK"	NA	NA	NA	NA	NA	NA	NA	NA	NA	NA	NA	NA	NA	NA	NA	NA	NA	NA	NA
"bulk"	1	1	"NO"	"PRE"	10.0701067436	266.21654272	37.235934942	15.3894428992	504.32595234	10.479683382	3.0882001756	8.4371893802	5.8285878074	290.33898176	9.5544721798	191.2385999444	23.0365858026	6.0302570678	6.0302570678	1e-05	315.39053084	4.34	1769.8173
"rhizospheric"	1	1	"NO"	"PRE"	NA	NA	NA	NA	NA	NA	NA	NA	NA	NA	NA	NA	NA	NA	NA	NA	NA	NA	NA
"bulk"	2	1	"LO"	"PRE"	24.164521276	362.23678286	62.163192888	38.0070593398	560.60147476	33.749817474	6.9428458512	11.9446876196	5.0018417682	215.810619982	6.161932964	366.43038686	37.100988326	6.7290052074	6.7290052074	1e-05	221.16678588	5.156	1993.82649484536
"rhizospheric"	2	1	"LO"	"PRE"	NA	NA	NA	NA	NA	NA	NA	NA	NA	NA	NA	NA	NA	NA	NA	NA	NA	NA	NA
"bulk"	3	1	"HI"	"PRE"	29.95952907	536.28580086	114.54150492	56.7167609	585.06139024	68.842224068	4.9339647354	11.8682798366	6.9343151012	107.916745662	9.2123286286	283.86417018	41.678896146	7.4027989752	7.4027989752	1e-05	292.22899138	6.296	2689.89165306122
"rhizospheric"	3	1	"HI"	"PRE"	NA	NA	NA	NA	NA	NA	NA	NA	NA	NA	NA	NA	NA	NA	NA	NA	NA	NA	NA
"bulk"	4	2	"NO"	"PRE"	47.405100884	479.40009282	118.099813316	57.620851832	534.7597825	75.467148018	3.64862936	6.9383062654	3.3098436994	0.3742506448	7.0479303554	155.39083604	33.420055002	6.5352803626	6.5352803626	1e-05	302.6019473	7.418	2056.51626530612
"rhizospheric"	4	2	"NO"	"PRE"	NA	NA	NA	NA	NA	NA	NA	NA	NA	NA	NA	NA	NA	NA	NA	NA	NA	NA	NA
"bulk"	5	2	"LO"	"PRE"	46.180839026	478.2806239	101.113464488	48.861980942	506.6069704	75.3079282	3.9541286514	4.9231005438	1.3775364752	0	7.0177599466	653.17919384	56.03737763	8.3423249268	8.3423249268	1e-05	292.12557758	5.902	2262.62672727272
"rhizospheric"	5	2	"LO"	"PRE"	NA	NA	NA	NA	NA	NA	NA	NA	NA	NA	NA	NA	NA	NA	NA	NA	NA	NA	NA
"bulk"	6	2	"HI"	"PRE"	42.341061788	492.987605	99.600834688	56.01996369	605.83866256	79.114710964	9.372028542	7.1698340708	0.8341428346	9.024417802	6.1128012876	622.23796758	55.169108564	5.923564481	5.923564481	1e-05	284.2153793	5.348	2185.0393877551
"rhizospheric"	6	2	"HI"	"PRE"	NA	NA	NA	NA	NA	NA	NA	NA	NA	NA	NA	NA	NA	NA	NA	NA	NA	NA	NA
"bulk"	7	3	"LO"	"PRE"	22.660010417	562.44963178	65.903536662	40.587237014	422.77412876	44.636131	4.6421993242	8.178529874	3.5363305498	4.362665064	3.6755174426	314.15952484	42.60540961	8.481521264	8.481521264	1e-05	388.14795538	5.87	1785.63178947368
"rhizospheric"	7	3	"LO"	"PRE"	NA	NA	NA	NA	NA	NA	NA	NA	NA	NA	NA	NA	NA	NA	NA	NA	NA	NA	NA
"bulk"	8	3	"NO"	"PRE"	43.960732964	622.48072356	94.893320548	63.751785144	388.2510375	59.58450115	10.0987498418	9.2587132456	0.954164238	33.976737238	4.4733295664	327.95035037	36.149594076	6.3966501698	6.3966501698	1e-05	259.30474066	5.994	1858.88630927835
"rhizospheric"	8	3	"NO"	"PRE"	NA	NA	NA	NA	NA	NA	NA	NA	NA	NA	NA	NA	NA	NA	NA	NA	NA	NA	NA
"bulk"	9	3	"HI"	"PRE"	27.584824989	500.82099852	73.487616936	50.140333442	442.54997402	27.395313296	9.4941358658	10.3741753726	1.7601894228	3.201546951	9.168986994	330.3100505	38.336025378	5.6607247298	5.6607247298	1e-05	232.22328262	8.198	1814.11631683168
"rhizospheric"	9	3	"HI"	"PRE"	NA	NA	NA	NA	NA	NA	NA	NA	NA	NA	NA	NA	NA	NA	NA	NA	NA	NA	NA
