"Plot"	"Block"	"Treatment"	"GrazeTime"	"Sample"	"NO3_mgkgdrysoil"	"NH4_mgkgdrysoil"	"minN_mgkgdrysoil"	"NPOC_mgkgdrysoil"	"DON_mgkgdrysoil"	"MBC_mgkgdrysoil"	"MBN_mgkgdrysoil"
"1"	1	1	"NO"	"PRE"	1	0	0.233631211	0.233631211	401.7875184	17.71360497	363.9592952	29.05805632
"2"	1	1	"NO"	"24H"	1	0.536936942	0.195521971	0.732458913	171.2652201	13.0338898	184.3001845	22.39263987
"3"	1	1	"NO"	"1WK"	1	0.590606236	0.261122642	0.851728878	211.5320961	18.19693913	911.3173693	27.59613686
"4"	1	1	"NO"	"4WK"	1	0.543745614	0.117542962	0.661288576	152.8901549	8.842003952	217.633967	26.91611951
"5"	1	1	"NO"	"PRE"	2	0.513671499	0.243575688	0.757247187	257.0973994	15.24004062	294.780182	37.20351178
"6"	1	1	"NO"	"24H"	2	0.518452614	0.12743558	0.645888194	183.4133722	13.08029773	313.7307457	32.06608616
"7"	1	1	"NO"	"1WK"	2	0.519708904	0.139908541	0.659617445	178.6592929	11.70679953	893.4296645	27.22907743
"8"	1	1	"NO"	"4WK"	2	0.655306252	0.095632753	0.750939005	360.4914127	7.870414328	0	17.41714279
"9"	1	1	"NO"	"PRE"	3	0.485323726	0.180046473	0.665370199	297.4962446	12.82625462	97.59849874	22.29346527
"10"	1	1	"NO"	"24H"	3	0.518995088	0.092590813	0.611585901	324.7504268	9.633066257	0	19.80076955
"11"	1	1	"NO"	"1WK"	3	0.556946559	0.135346743	0.692293302	176.6506526	10.94818244	906.1154481	31.73835786
"12"	1	1	"NO"	"4WK"	3	0.527690115	0	0.527690115	196.6892706	9.485295446	239.1470275	26.06981856
"13"	1	1	"NO"	"PRE"	4	0.508755694	0.226601917	0.735357611	312.3728778	13.62828628	196.7584263	31.55926692
"14"	1	1	"NO"	"24H"	4	0.518588692	0.122800251	0.641388943	213.9330404	12.24730382	44.58818259	17.92261035
"15"	1	1	"NO"	"1WK"	4	0.527931112	0.130071361	0.658002473	501.1461495	9.390141762	397.5548691	32.67396774
"16"	1	1	"NO"	"4WK"	4	0.519871351	0	0.519871351	278.2648012	6.837378315	280.9241148	38.56912158
"17"	1	1	"NO"	"PRE"	5	0.503617843	0.229325061	0.732942904	308.198564	15.39081063	3.096547482	8.304119949
"18"	1	1	"NO"	"24H"	5	0.513638462	0.098580631	0.612219093	206.283834	12.9173908	286.3145524	25.60299895
"19"	1	1	"NO"	"1WK"	5	0.50662033	0.245346394	0.751966724	302.2127402	14.59153969	795.8878802	22.34122403
"20"	1	1	"NO"	"4WK"	5	0.680624886	0.106543707	0.787168593	221.01256	11.93424401	612.2490125	54.45032937
"21"	2	1	"LO"	"PRE"	1	0.52939873	0.205241661	0.734640391	160.5458041	9.844862135	381.7057477	34.48639596
"22"	2	1	"LO"	"24H"	1	0.48352184	0.123938007	0.607459847	152.3167879	11.37439902	285.710999	31.09048649
"23"	2	1	"LO"	"1WK"	1	0.505880167	0.120776982	0.626657149	213.2267836	13.17509534	NA	NA
"24"	2	1	"LO"	"4WK"	1	0.670278822	0.091454629	0.761733451	169.571866	11.03432846	567.4699867	51.17008132
"25"	2	1	"LO"	"PRE"	2	0.526387405	0.291970272	0.818357677	252.1565471	13.97567543	444.4987403	53.68413081
"26"	2	1	"LO"	"24H"	2	0	0.114341241	0.114341241	160.9455621	10.95811734	350.4399295	33.97377721
"27"	2	1	"LO"	"1WK"	2	0.515071227	0.135352243	0.65042347	359.6194998	11.80207264	327.5552643	18.22241484
"28"	2	1	"LO"	"4WK"	2	0.568292032	0	0.568292032	156.7515384	7.848843097	478.2353719	28.79424248
"29"	2	1	"LO"	"PRE"	3	0	0.250793601	0.250793601	234.8047376	13.35368694	314.1945624	27.51391974
"30"	2	1	"LO"	"24H"	3	0.493299969	0.076086973	0.569386942	152.6784622	9.757376021	381.9385895	34.9272231
"31"	2	1	"LO"	"1WK"	3	0.565319594	0.097383975	0.662703569	187.2059736	8.522382559	NA	NA
"32"	2	1	"LO"	"4WK"	3	0.591315767	0.085159676	0.676475443	138.7482826	9.220657808	618.8325799	42.43901535
"33"	2	1	"LO"	"PRE"	4	0.502634742	0.254499414	0.757134156	203.8729822	10.50388603	461.51859	36.10116611
"34"	2	1	"LO"	"24H"	4	0.492916369	0.12121454	0.614130909	354.5120301	11.19616965	0	26.85811714
"35"	2	1	"LO"	"1WK"	4	0.606575523	0.125011307	0.73158683	188.2066304	11.2020197	NA	NA
"36"	2	1	"LO"	"4WK"	4	0.506137019	0.074175619	0.580312638	101.8962613	6.672610988	408.1693402	27.91803648
"37"	2	1	"LO"	"PRE"	5	0.496903143	0.216599033	0.713502176	254.4538084	13.50205232	230.2342439	31.26998079
"38"	2	1	"LO"	"24H"	5	0.530757825	0.100431489	0.631189314	148.5567325	11.32318584	393.9589005	33.3364305
"39"	2	1	"LO"	"1WK"	5	0.511853825	0.118728124	0.630581949	266.7803843	13.26902932	490.0353122	17.75927427
"40"	2	1	"LO"	"4WK"	5	0.521839475	0	0.521839475	132.5120465	7.319078482	439.6343234	35.24954662
"41"	3	1	"HI"	"PRE"	1	0.573255309	0.286659179	0.859914488	233.2387746	16.93291654	292.1384176	40.15287013
"42"	3	1	"HI"	"24H"	1	0.586693844	0.127666809	0.714360653	210.0131969	15.95238433	241.1587879	20.71468843
"43"	3	1	"HI"	"1WK"	1	0.567251354	0.107118283	0.674369637	163.4236318	11.15146563	NA	NA
"44"	3	1	"HI"	"4WK"	1	0.547834907	0.081361299	0.629196206	187.7853892	9.656371385	383.3655963	32.2122819
"45"	3	1	"HI"	"PRE"	2	0.495212071	0.249020121	0.744232192	246.7415246	11.54707583	266.2038494	40.85830102
"46"	3	1	"HI"	"24H"	2	0	0.109599418	0.109599418	274.1472605	14.08143556	211.5919416	27.02137404
"47"	3	1	"HI"	"1WK"	2	0.578262932	0.158947777	0.737210709	213.4541002	13.09537375	NA	NA
"48"	3	1	"HI"	"4WK"	2	0.521661346	0.069548422	0.591209768	128.610016	7.90142474	421.3360838	27.74305114
"49"	3	1	"HI"	"PRE"	3	0.559122726	0.311508554	0.87063128	245.1036752	16.09644092	352.1147366	50.52456492
"50"	3	1	"HI"	"24H"	3	0.520108668	0.107581583	0.627690251	314.2965151	18.14191063	609.9456864	62.89128732
"51"	3	1	"HI"	"1WK"	3	0.537825096	0.130551618	0.668376714	197.2715628	10.97759758	NA	NA
"52"	3	1	"HI"	"4WK"	3	0.560442251	0.090386206	0.650828457	155.0034711	9.974022744	578.0947058	42.57521035
"53"	3	1	"HI"	"PRE"	4	0.511548516	0.292022128	0.803570644	279.8845472	17.50998936	220.2305081	33.30194197
"54"	3	1	"HI"	"24H"	4	0.605220575	0.123393044	0.728613619	197.226899	14.26710109	521.8838553	54.92117767
"55"	3	1	"HI"	"1WK"	4	0.583200182	0.131307552	0.714507734	200.1931005	12.18910389	NA	NA
"56"	3	1	"HI"	"4WK"	4	0.575397504	0.083133991	0.658531495	330.5617864	7.09296423	143.9028576	38.2734655
"57"	3	1	"HI"	"PRE"	5	0	0.184269604	0.184269604	456.1763853	17.52649717	288.6332892	40.48362428
"58"	3	1	"HI"	"24H"	5	0.666698652	0.107362495	0.774061147	243.5022249	15.11346107	449.7247874	58.74281925
"59"	3	1	"HI"	"1WK"	5	0.567392249	0.123962006	0.691354255	286.2542499	15.08204794	674.3697573	33.19431349
"60"	3	1	"HI"	"4WK"	5	0.605328845	0	0.605328845	169.6366265	8.266682433	714.3552656	56.42352949
"61"	4	2	"NO"	"PRE"	1	0	0.229358149	0.229358149	383.647007	15.24002165	0	31.4475626
"62"	4	2	"NO"	"24H"	1	0.518151416	0.153365549	0.671516965	621.6861778	11.93732946	0	33.15899547
"63"	4	2	"NO"	"1WK"	1	0.535907106	0.213543793	0.749450899	127.6064469	10.03264434	556.6980227	26.92991104
"64"	4	2	"NO"	"4WK"	1	0.549411392	0.080550777	0.629962169	144.2516024	7.670186297	347.7592331	31.17439482
"65"	4	2	"NO"	"PRE"	2	0	0.22003873	0.22003873	270.8653431	11.90882316	116.0774816	26.33918636
"66"	4	2	"NO"	"24H"	2	0.481049489	0.127722156	0.608771645	216.303863	10.71907206	160.0246682	28.03598309
"67"	4	2	"NO"	"1WK"	2	0.502898654	0.194967893	0.697866547	228.9652601	11.75136497	400.2392188	16.02194252
"68"	4	2	"NO"	"4WK"	2	0.555047965	0.08374669	0.638794655	96.60173874	5.842081489	486.8751878	33.99677901
"69"	4	2	"NO"	"PRE"	3	0.533299427	0.28353562	0.816835047	252.8366595	14.0046243	210.4851177	35.40940287
"70"	4	2	"NO"	"24H"	3	0	0.0962239	0.0962239	156.0228694	10.30701658	286.607639	30.70807213
"71"	4	2	"NO"	"1WK"	3	0.514369949	0.188589392	0.702959341	235.0395963	12.36530193	541.6647658	22.40049896
"72"	4	2	"NO"	"4WK"	3	0.573805591	0	0.573805591	367.1283246	7.384395311	0	34.02175646
"73"	4	2	"NO"	"PRE"	4	0	0.266093556	0.266093556	257.0064906	13.34775015	145.084641	29.79610961
"74"	4	2	"NO"	"24H"	4	0	0.124173253	0.124173253	247.6388299	12.35800552	192.7583137	32.93527884
"75"	4	2	"NO"	"1WK"	4	0.497083352	0.178361377	0.675444729	182.7377919	11.82018477	415.1617424	12.10104879
"76"	4	2	"NO"	"4WK"	4	0	0.091290391	0.091290391	98.61320467	7.056106783	355.2924129	36.08013209
"77"	4	2	"NO"	"PRE"	5	0.531200972	0.19829577	0.729496742	348.6541863	11.1529121	305.3068899	41.41050043
"78"	4	2	"NO"	"24H"	5	0.578125453	0.168868668	0.746994121	177.3993202	13.15980371	335.7431913	27.28483253
"79"	4	2	"NO"	"1WK"	5	0.516166311	0.182336498	0.698502809	188.2189266	11.83610865	323.0662713	13.16139123
"80"	4	2	"NO"	"4WK"	5	0.545278969	0	0.545278969	283.9331853	9.025204682	58.16446144	26.56956397
"81"	5	2	"LO"	"PRE"	1	0.518619466	0.267447395	0.786066861	319.8613706	18.39924152	490.3433239	36.17912578
"82"	5	2	"LO"	"24H"	1	0.654632331	0.205383417	0.860015748	282.8722773	17.62341309	139.0709215	33.92487978
"83"	5	2	"LO"	"1WK"	1	0.497278673	0.191655936	0.688934609	158.8023162	9.89952733	692.6233507	20.71334814
"84"	5	2	"LO"	"4WK"	1	0	0.086230126	0.086230126	97.89420011	6.725504667	317.8319705	40.97651563
"85"	5	2	"LO"	"PRE"	2	0.509507208	0.249260292	0.7587675	297.4018563	12.03054497	819.8326675	61.51459008
"86"	5	2	"LO"	"24H"	2	0.498831457	0.16707369	0.665905147	270.3344672	13.46932899	0	16.68486321
"87"	5	2	"LO"	"1WK"	2	0.528186811	0.120278347	0.648465158	142.8291541	8.636707399	717.8679219	24.59081501
"88"	5	2	"LO"	"4WK"	2	0	0	0	88.58591411	5.381890286	244.2990394	32.56334198
"89"	5	2	"LO"	"PRE"	3	0.511285746	0.492453666	1.003739412	243.0043488	16.82598006	863.3439895	73.3787336
"90"	5	2	"LO"	"24H"	3	0.517038802	0.136954908	0.65399371	282.5098424	11.80411297	0	18.858268
"91"	5	2	"LO"	"1WK"	3	0.504585912	0.191030564	0.695616476	161.0808585	10.43235754	746.9008763	23.43392164
"92"	5	2	"LO"	"4WK"	3	0	0.102225355	0.102225355	150.3085348	7.006815658	130.9022164	32.76094782
"93"	5	2	"LO"	"PRE"	4	0.520152305	0.264823737	0.784976042	432.6726327	17.31778485	489.6331075	54.76586536
"94"	5	2	"LO"	"24H"	4	0.549440967	0.126432657	0.675873624	179.3927295	12.02265584	280.5407134	30.06795955
"95"	5	2	"LO"	"1WK"	4	0.553599601	0.17580657	0.729406171	187.3055146	9.390370636	748.2950059	27.82613672
"96"	5	2	"LO"	"4WK"	4	0.632454845	0.113803256	0.746258101	152.6807291	9.551332679	311.5462416	39.20070769
"97"	5	2	"LO"	"PRE"	5	0.520603863	0.189376406	0.709980269	167.6876295	8.183242899	602.7428308	51.64518574
"98"	5	2	"LO"	"24H"	5	0.509172231	0.167484388	0.676656619	167.928055	12.14993368	311.9431408	37.3023483
"99"	5	2	"LO"	"1WK"	5	0.592794568	0.090144958	0.682939526	148.8368792	6.225338261	537.2023294	17.07109924
"100"	5	2	"LO"	"4WK"	5	0	0.118586739	0.118586739	310.1963551	14.86007287	167.4500044	33.28773551
"101"	6	2	"HI"	"PRE"	1	0	0.223585979	0.223585979	310.6846451	12.55184165	773.4609338	59.12109985
"102"	6	2	"HI"	"24H"	1	0.528846092	0.143205794	0.672051886	149.9167443	6.780798448	375.3790622	13.91573908
"103"	6	2	"HI"	"1WK"	1	0.51549297	0.119452447	0.634945417	73.80738864	5.002629183	805.3259498	24.50640965
"104"	6	2	"HI"	"4WK"	1	0.559620867	0	0.559620867	101.0535971	7.250089201	442.4297135	48.67731704
"105"	6	2	"HI"	"PRE"	2	0.501349913	0.189135327	0.69048524	201.1324325	7.037127008	440.556468	43.23151122
"106"	6	2	"HI"	"24H"	2	0.582969259	0.167582579	0.750551838	245.3333169	11.73299996	0	18.27006456
"107"	6	2	"HI"	"1WK"	2	0.527395482	0.1765763	0.703971782	148.487062	8.645585946	669.3631518	23.18388109
"108"	6	2	"HI"	"4WK"	2	0	0.121602833	0.121602833	186.7823366	7.584644037	142.4228243	33.1241549
"109"	6	2	"HI"	"PRE"	3	0.518832797	0.23312677	0.751959567	221.3543164	9.39109867	462.2067085	43.17524675
"110"	6	2	"HI"	"24H"	3	0.569690186	0.124141885	0.693832071	113.5741839	8.792341185	367.2383204	35.10966416
"111"	6	2	"HI"	"1WK"	3	0.535237047	0.240927396	0.776164443	180.5570503	10.68961038	717.7343216	30.39667071
"112"	6	2	"HI"	"4WK"	3	0	0.088096579	0.088096579	116.0048445	8.215349847	323.395708	43.45200905
"113"	6	2	"HI"	"PRE"	4	0	0.198650289	0.198650289	347.1357722	13.01904977	548.6560322	47.33342077
"114"	6	2	"HI"	"24H"	4	0.522599896	0.107300013	0.629899909	184.2108734	9.15741436	222.1999451	33.91519144
"115"	6	2	"HI"	"1WK"	4	0	0.189324374	0.189324374	220.1243702	12.8595439	686.6640783	31.33037922
"116"	6	2	"HI"	"4WK"	4	0	0.090285249	0.090285249	119.3478528	8.041969761	360.642086	40.18808733
"117"	6	2	"HI"	"PRE"	5	0.535017713	0.256944777	0.79196249	340.7696803	15.52596817	886.3096454	80.28106397
"118"	6	2	"HI"	"24H"	5	0.522746203	0.101395088	0.624141291	178.9554529	9.495303875	67.57603844	21.56918358
"119"	6	2	"HI"	"1WK"	5	0.550178803	0.35163827	0.901817073	339.4009156	15.23266419	368.2509846	28.4205972
"120"	6	2	"HI"	"4WK"	5	0	0.085195087	0.085195087	191.9477019	9.017312161	232.1915781	37.50572941
"121"	7	3	"LO"	"PRE"	1	0.554680427	0.272513296	0.827193723	245.3020791	11.36239948	702.6595853	62.14205078
"122"	7	3	"LO"	"24H"	1	0.531399592	0.128609353	0.660008945	208.3783968	12.46396569	489.9118773	49.83593352
"123"	7	3	"LO"	"1WK"	1	0.566745286	0.165047706	0.731792992	369.3774466	21.67545977	524.2875774	32.32816173
"124"	7	3	"LO"	"4WK"	1	0.722020326	0.083259234	0.80527956	103.9686899	8.148667322	376.7534388	39.41546018
"125"	7	3	"LO"	"PRE"	2	0	0.381805892	0.381805892	718.4893902	16.61499979	0	23.68672883
"126"	7	3	"LO"	"24H"	2	0.524806358	0.140045619	0.664851977	128.1729287	8.275754959	330.4874759	22.6319489
"127"	7	3	"LO"	"1WK"	2	0	0.190138258	0.190138258	191.5844915	12.8190586	125.2451899	6.216201887
"128"	7	3	"LO"	"4WK"	2	0.805978424	0	0.805978424	104.5393654	7.063542055	336.4268946	40.7275676
"129"	7	3	"LO"	"PRE"	3	0.501037291	0.258671338	0.759708629	231.2241059	8.939289102	451.1491663	44.40910517
"130"	7	3	"LO"	"24H"	3	0.500251206	0.140580463	0.640831669	130.4622456	10.99959166	297.4233554	21.28709249
"131"	7	3	"LO"	"1WK"	3	0.51079088	0.235352485	0.746143365	171.7131092	11.79356544	395.3611344	22.59860362
"132"	7	3	"LO"	"4WK"	3	0.773946736	0	0.773946736	92.73906458	6.802146105	341.3839485	42.00601744
"133"	7	3	"LO"	"PRE"	4	0	0.374030083	0.374030083	533.0370026	13.03514072	0	35.89311957
"134"	7	3	"LO"	"24H"	4	0.611789352	0.089408179	0.701197531	118.6491169	9.624426531	442.2738413	35.4954942
"135"	7	3	"LO"	"1WK"	4	0.566320808	0.25868409	0.825004898	155.6115673	11.05074542	306.0880247	19.01026032
"136"	7	3	"LO"	"4WK"	4	0.792740226	0.096033239	0.888773465	93.23155947	6.574102824	387.8868709	47.07513586
"137"	7	3	"LO"	"PRE"	5	0.517487497	0.199013639	0.716501136	212.6871491	7.774024977	416.9888226	42.02698945
"138"	7	3	"LO"	"24H"	5	0.719321244	0.087487863	0.806809107	120.012335	9.463063642	554.213552	42.90712889
"139"	7	3	"LO"	"1WK"	5	0.486709337	0.118420061	0.605129398	165.7568576	7.88352571	274.5533836	17.26955884
"140"	7	3	"LO"	"4WK"	5	0.664762671	0	0.664762671	156.326929	11.45430656	336.7939432	49.38754068
"141"	8	3	"NO"	"PRE"	1	0	0.21715801	0.21715801	406.8548341	11.44980717	401.8053886	44.42102175
"142"	8	3	"NO"	"24H"	1	0.513092376	0.118329328	0.631421704	151.8262762	10.8460415	300.7449293	29.14015161
"143"	8	3	"NO"	"1WK"	1	0.511493171	0.139241799	0.65073497	345.7342375	19.22750281	448.6074867	31.079161
"144"	8	3	"NO"	"4WK"	1	0	0	0	369.0303275	7.52344293	0	40.54428103
"145"	8	3	"NO"	"PRE"	2	0.522512172	0.223042641	0.745554813	272.5740392	11.924265	0	0
"146"	8	3	"NO"	"24H"	2	0.504934988	0.151819463	0.656754451	214.6563698	12.91318097	448.365156	47.37933465
"147"	8	3	"NO"	"1WK"	2	0.587382992	0.078485238	0.66586823	204.2932128	9.634136834	226.8697734	17.18420361
"148"	8	3	"NO"	"4WK"	2	0.547037626	0.097228106	0.644265732	646.2584121	7.959910202	0	52.75944281
"149"	8	3	"NO"	"PRE"	3	0	0.223189411	0.223189411	209.5028117	10.68908996	453.8111221	48.0960479
"150"	8	3	"NO"	"24H"	3	0.568794527	0.127178096	0.695972623	135.6092379	9.509014461	334.7807525	33.95406465
"151"	8	3	"NO"	"1WK"	3	0.472833772	0.159658625	0.632492397	2366.365591	11.67407316	0	8.544275609
"152"	8	3	"NO"	"4WK"	3	0.741530454	0.085852815	0.827383269	121.5126822	8.827501953	336.6632321	40.56736433
"153"	8	3	"NO"	"PRE"	4	0.436312413	0.213406416	0.649718829	280.135448	9.797827469	35.39302015	31.41537071
"154"	8	3	"NO"	"24H"	4	0.592003299	0.106567893	0.698571192	168.6827048	11.75028194	235.2683076	20.96553897
"155"	8	3	"NO"	"1WK"	4	0	0.088224754	0.088224754	321.110845	8.937064827	3.28759513	17.87601487
"156"	8	3	"NO"	"4WK"	4	1.043970982	0	1.043970982	48.75630095	4.758828115	542.9508887	43.06806559
"157"	8	3	"NO"	"PRE"	5	0.709702537	0.300790139	1.010492676	127.4565203	7.642695338	748.742171	53.20425676
"158"	8	3	"NO"	"24H"	5	0.544450651	0.117529929	0.66198058	175.8065752	8.893661902	215.4264435	29.17962762
"159"	8	3	"NO"	"1WK"	5	0	0.168213781	0.168213781	171.0080756	8.770484518	339.6524244	25.65012352
"160"	8	3	"NO"	"4WK"	5	0.935962898	0	0.935962898	73.75431382	5.710430785	353.0219389	41.73853329
"161"	9	3	"HI"	"PRE"	1	0.568033667	0.238834639	0.806868306	284.8662296	16.85526263	270.4247187	35.62139347
"162"	9	3	"HI"	"24H"	1	0.656975958	0.114682822	0.77165878	196.0608879	15.14184879	546.3265451	63.29547676
"163"	9	3	"HI"	"1WK"	1	0.605781901	0.295406684	0.901188585	432.3093791	22.53335369	441.4908962	33.49839346
"164"	9	3	"HI"	"4WK"	1	0.854965479	0.121040204	0.976005683	211.0380145	15.77891995	372.9075157	60.19629289
"165"	9	3	"HI"	"PRE"	2	0	0.214445211	0.214445211	257.6371009	15.37869128	296.173115	31.63325503
"166"	9	3	"HI"	"24H"	2	0.710299614	0.111646505	0.821946119	114.479615	10.75007218	285.9335056	31.1621765
"167"	9	3	"HI"	"1WK"	2	0.524390825	0.163299189	0.687690014	303.5439537	8.449576586	0	14.68657057
"168"	9	3	"HI"	"4WK"	2	0.757283474	0.093614288	0.850897762	124.2849181	8.310923443	298.5933635	41.18718497
"169"	9	3	"HI"	"PRE"	3	0.519205632	0.195899484	0.715105116	206.2178	11.91450177	417.0681543	45.4042051
"170"	9	3	"HI"	"24H"	3	0.497527093	0.167525472	0.665052565	1365.715924	12.14312758	0	30.2536575
"171"	9	3	"HI"	"1WK"	3	0.541671974	0.277332218	0.819004192	257.4460072	14.8308459	232.1914571	24.13653157
"172"	9	3	"HI"	"4WK"	3	0.742084425	0.076981685	0.81906611	87.05784568	6.385179894	291.7213935	39.11344258
"173"	9	3	"HI"	"PRE"	4	0.553296343	0.235499413	0.788795756	223.9358332	14.93068314	368.9398684	39.2164477
"174"	9	3	"HI"	"24H"	4	0.515933557	0.174144798	0.690078355	319.7999577	18.33711134	241.3949997	28.33253634
"175"	9	3	"HI"	"1WK"	4	0.532156705	0.162988998	0.695145703	240.1268205	9.515128869	254.3144576	6.276969977
"176"	9	3	"HI"	"4WK"	4	0.715716893	0.098317215	0.814034108	98.95388586	6.501333633	250.9354856	46.9157213
"177"	9	3	"HI"	"PRE"	5	0.597066062	0.183474339	0.780540401	188.4593994	11.76356501	298.9443461	37.6716313
"178"	9	3	"HI"	"24H"	5	0.556237045	0.199132577	0.755369622	162.6440764	13.70884439	412.2354904	35.36363055
"179"	9	3	"HI"	"1WK"	5	0.488363831	0.17885869	0.667222521	193.4598408	6.477228729	194.8582435	18.68301005
"180"	9	3	"HI"	"4WK"	5	0.729760561	0	0.729760561	114.6305305	6.535554755	240.762839	37.25345763
"181"	10	4	"HI"	"PRE"	1	0.510947389	0.235632646	0.746580035	245.7393908	12.21868407	425.8766643	38.03082127
"182"	10	4	"HI"	"24H"	1	0.510344354	0.109630616	0.61997497	162.5500636	11.37551146	129.1308099	16.31657422
"183"	10	4	"HI"	"1WK"	1	0.513974606	0.157125801	0.671100407	175.2696253	8.051573031	268.7350327	17.91296924
"184"	10	4	"HI"	"4WK"	1	0.595779158	0.11599587	0.711775028	195.0149629	10.89976132	322.642785	55.16168548
"185"	10	4	"HI"	"PRE"	2	0.530931114	0.249775185	0.780706299	313.8149539	18.96151695	224.4379506	31.22243815
"186"	10	4	"HI"	"24H"	2	0.555135981	0.11435636	0.669492341	152.9251957	10.15290613	196.5607911	20.903797
"187"	10	4	"HI"	"1WK"	2	0.499861218	0.15452771	0.654388928	233.4107812	8.741573229	277.1538216	14.79705458
"188"	10	4	"HI"	"4WK"	2	0.662757015	0.141944087	0.804701102	138.5775024	10.73488048	444.1622586	64.3919375
"189"	10	4	"HI"	"PRE"	3	0.543604815	0.227615959	0.771220774	387.3197356	18.7409244	71.72587697	15.68188228
"190"	10	4	"HI"	"24H"	3	0.498465788	0.154035426	0.652501214	260.5707033	16.73711233	226.8652189	24.74748257
"191"	10	4	"HI"	"1WK"	3	0.603108456	0.18082208	0.783930536	426.5245488	11.44395092	0	6.822147078
"192"	10	4	"HI"	"4WK"	3	0.617732297	0.102920248	0.720652545	123.1313469	8.142560583	362.4069585	56.69201278
"193"	10	4	"HI"	"PRE"	4	0.50792672	0.127055462	0.634982182	471.4289915	19.10315713	48.99549888	16.75349327
"194"	10	4	"HI"	"24H"	4	0.507729442	0.123891464	0.631620906	174.3283411	10.33857377	155.4101602	29.90532235
"195"	10	4	"HI"	"1WK"	4	0.631836582	0.163502893	0.795339475	450.5077249	14.49297489	0	5.970960162
"196"	10	4	"HI"	"4WK"	4	0.565013359	0.152999498	0.718012857	562.8892487	13.70871516	0	32.95891208
"197"	10	4	"HI"	"PRE"	5	0.512767793	0.185801436	0.698569229	478.0944246	21.13203508	69.34207338	26.17881904
"198"	10	4	"HI"	"24H"	5	0.507214436	0.118359033	0.625573469	170.245826	6.731367276	0	18.95469295
"199"	10	4	"HI"	"1WK"	5	0.516442579	0.173862114	0.690304693	569.4229998	13.68639606	0	1.762893692
"200"	10	4	"HI"	"4WK"	5	0.562649926	0.135731508	0.698381434	588.209535	24.09387465	0	47.20448107
"201"	11	4	"LO"	"PRE"	1	0.505313336	0.221214852	0.726528188	327.5140995	18.04430655	155.1942404	31.27391616
"202"	11	4	"LO"	"24H"	1	0.519150864	0.176515753	0.695666617	605.1121597	19.18256257	0	30.13359295
"203"	11	4	"LO"	"1WK"	1	0.565179697	0.195316819	0.760496516	311.6725029	9.891279889	0	17.19918893
"204"	11	4	"LO"	"4WK"	1	0.703201962	0.099905315	0.803107277	204.0939863	12.86464452	185.6801571	43.6751316
"205"	11	4	"LO"	"PRE"	2	0	0.208573952	0.208573952	326.0180008	15.94944967	222.9133761	26.86342221
"206"	11	4	"LO"	"24H"	2	0.563345985	0.185135167	0.748481152	350.972719	18.5290006	66.51854323	36.01426205
"207"	11	4	"LO"	"1WK"	2	0.582913882	0.170953301	0.753867183	224.1275001	8.390575348	343.3302328	17.31907317
"208"	11	4	"LO"	"4WK"	2	0.579940891	0.084409327	0.664350218	174.935352	6.738678933	160.1795166	34.98335997
"209"	11	4	"LO"	"PRE"	3	0	0.220106823	0.220106823	300.72576	17.83191889	330.597788	30.63805849
"210"	11	4	"LO"	"24H"	3	0.524507003	0.148450531	0.672957534	294.2141152	11.96913182	0	29.28562206
"211"	11	4	"LO"	"1WK"	3	0.539460699	0.165897996	0.705358695	329.2487826	10.19969652	0	11.30896595
"212"	11	4	"LO"	"4WK"	3	0.527052557	0.096910214	0.623962771	354.562629	6.783844358	0	38.90288593
"213"	11	4	"LO"	"PRE"	4	0	0.179725545	0.179725545	222.7157193	12.38943187	110.1958451	21.6627533
"214"	11	4	"LO"	"24H"	4	0.529744249	0.155749065	0.685493314	231.0232767	15.02095898	295.4261934	38.3860776
"215"	11	4	"LO"	"1WK"	4	0.59773805	0.143520731	0.741258781	135.6987699	7.966683674	258.3536364	14.8804481
"216"	11	4	"LO"	"4WK"	4	0	0.116678558	0.116678558	252.2547247	10.2663801	193.0377392	42.81388359
"217"	11	4	"LO"	"PRE"	5	0.514232625	0.187155544	0.701388169	205.2855092	11.63977683	163.6678467	20.46722897
"218"	11	4	"LO"	"24H"	5	0.519104747	0.124920659	0.644025406	162.8385757	9.678506748	281.3687275	33.52346853
"219"	11	4	"LO"	"1WK"	5	0.571495662	0.169927264	0.741422926	136.6016529	6.353431457	152.3081722	14.95669508
"220"	11	4	"LO"	"4WK"	5	0.620924961	0	0.620924961	116.9130033	5.68068592	239.2953226	39.17593251
"221"	12	4	"NO"	"PRE"	1	0.504970332	0.187831216	0.692801548	282.6311131	16.17555338	194.7971098	23.87404254
"222"	12	4	"NO"	"24H"	1	0.536086666	0.113083448	0.649170114	273.4388496	13.98802536	12.89312134	11.8910537
"223"	12	4	"NO"	"1WK"	1	0.544098864	0.170759953	0.714858817	247.9617218	9.669170841	101.1253553	17.6375338
"224"	12	4	"NO"	"4WK"	1	0.56043741	0.111076957	0.671514367	174.0150209	10.07379958	250.6906206	48.83982355
"225"	12	4	"NO"	"PRE"	2	0.525837887	0.189686487	0.715524374	232.8417507	12.68691592	153.8024095	26.9059461
"226"	12	4	"NO"	"24H"	2	0.535917363	0.149003188	0.684920551	216.3463262	11.58229223	230.7364044	42.06904798
"227"	12	4	"NO"	"1WK"	2	0.506788305	0.156417581	0.663205886	940.0851164	11.35427116	0	3.209528401
"228"	12	4	"NO"	"4WK"	2	0.588189516	0.102347821	0.690537337	153.2394347	7.331243045	321.2923074	55.71104335
"229"	12	4	"NO"	"PRE"	3	0.516099254	0.262273978	0.778373232	282.9589155	14.71308416	121.8654536	26.15701866
"230"	12	4	"NO"	"24H"	3	0.490703604	0.132877221	0.623580825	307.8240244	10.82384321	26.28404961	29.52240512
"231"	12	4	"NO"	"1WK"	3	0.524691403	0.150341513	0.675032916	1285.716178	7.022596057	0	11.39159667
"232"	12	4	"NO"	"4WK"	3	0.593366746	0.574712127	1.168078873	211.6156543	18.828935	105.0074835	13.05467966
"233"	12	4	"NO"	"PRE"	4	0	0.210855899	0.210855899	408.3175744	20.65147245	177.1802156	38.59502796
"234"	12	4	"NO"	"24H"	4	0.497850953	0.111166965	0.609017918	357.8736055	14.8660633	30.74527084	16.56365228
"235"	12	4	"NO"	"1WK"	4	0.504476714	0.156053198	0.660529912	378.1771814	5.708553016	0	12.64362733
"236"	12	4	"NO"	"4WK"	4	0.562228408	0.080105953	0.642334361	110.7435711	4.921439671	262.6173099	39.97295629
"237"	12	4	"NO"	"PRE"	5	0.526429319	0.309058901	0.83548822	243.4146313	17.69168094	351.3225779	44.22504331
"238"	12	4	"NO"	"24H"	5	0.572232376	0.095981914	0.66821429	117.8037316	8.60420835	343.0802573	39.58177965
"239"	12	4	"NO"	"1WK"	5	0.526860655	0.15740956	0.684270215	755.0306667	6.286029815	0	15.60348785
"240"	12	4	"NO"	"4WK"	5	0.626497537	0	0.626497537	144.1781427	5.662709451	188.7427995	37.76352527
