"Plot"	"Treatment"	"Block"	"GrazeTime"	"AG"	"BG"	"BX"	"CBH"	"LAP"	"NAG"	"PER1"	"PEROX"	"PHENOX"	"PHOS"
1	"NO"	1	"1WK"	37.48602705	283.968783	57.21942349	35.81040783	730.778508	5.382594263	3.612142397	6.286356561	2.674214163	178.3755302
1	"NO"	1	"24H"	60.86136188	323.6283351	109.2798851	38.41476501	800.6547514	32.62350032	2.159057237	3.89967399	1.740616753	155.7716152
1	"NO"	1	"4WK"	33.52861687	331.4103137	66.05634758	34.03336829	669.0874531	18.7301309	2.638184556	6.12018511	3.482000553	213.6228018
1	"NO"	1	"PRE"	115.2193629	379.1921681	122.0015859	69.33452069	726.7252174	38.78152649	0.360822579	3.736908307	3.376085727	192.4783928
2	"LO"	1	"1WK"	45.93383443	429.1194986	95.42632992	50.43988991	945.8420413	39.24797323	3.252250676	5.82278481	2.570534134	202.9885664
2	"LO"	1	"24H"	73.79512719	442.6879289	108.8579417	66.77440248	820.714725	41.00019669	2.422055256	3.914128848	1.492073592	180.9628981
2	"LO"	1	"4WK"	59.88384896	452.4188978	100.9911554	60.22935089	903.7653973	29.97678501	2.940030393	5.906965915	2.966935522	229.0517898
2	"LO"	1	"PRE"	80.1846765	467.8303283	122.9520831	63.32428439	748.5888828	39.05575523	0.508542717	3.204504034	2.695961317	156.7187716
3	"HI"	1	"1WK"	60.19840127	445.4484044	92.80323727	60.54487209	857.916624	26.61927787	4.251506968	6.219184351	1.967677383	233.1118687
3	"HI"	1	"24H"	100.2180237	568.3199717	136.4074525	97.99406929	1017.625142	61.39170163	2.344164008	4.161455832	1.817291824	219.9562546
3	"HI"	1	"4WK"	51.39321973	373.1724856	77.04918456	49.12111508	801.554674	30.30570023	3.989582654	6.104336104	2.11475345	231.2769951
3	"HI"	1	"PRE"	120.7269477	491.7034848	162.7060146	96.68051841	889.8084752	54.2413075	0	3.933759756	4.645285275	128.754692
4	"NO"	2	"1WK"	80.10523924	431.3312036	100.1907383	63.4507606	997.6430168	34.30917555	2.659051344	3.651191383	0.992140039	41.10772638
4	"NO"	2	"24H"	94.5962391	448.1834493	117.0059072	66.37290035	747.3369746	49.15780554	1.452107922	2.250302166	0.798194244	61.5209619
4	"NO"	2	"4WK"	78.62853635	333.7885328	105.1342409	63.08705266	1122.17156	37.09110946	2.59745457	5.91170468	3.314250109	117.8991885
4	"NO"	2	"PRE"	127.8736052	579.0163947	169.9522862	94.0709773	1061.347157	53.87487867	0	2.69670215	5.432367375	77.02180093
5	"LO"	2	"1WK"	36.06070515	306.9933372	81.15091864	47.3046796	755.0394613	18.15356287	3.554443932	5.326133009	1.771689077	16.87003404
5	"LO"	2	"24H"	47.87052482	312.5563714	83.53173869	30.20026799	770.8977343	52.42329573	1.718709854	2.32710656	0.608396706	3.904230694
5	"LO"	2	"4WK"	43.60810853	334.4735624	56.08221606	26.93373541	600.606553	16.35783222	1.981712372	0.2210644	0	0
5	"LO"	2	"PRE"	76.59592993	484.0868746	106.7032137	58.29639594	837.0239751	39.94684135	1.318994849	3.014489863	1.695495015	76.94567176
6	"HI"	2	"1WK"	60.09828198	432.9195907	98.54284628	46.60723358	852.6231424	22.25540268	2.400537569	3.720635536	1.320097967	1.506977515
6	"HI"	2	"24H"	84.97871028	425.8689363	119.6158601	79.47593789	811.5070401	44.27198909	1.066166505	1.718252825	0.65208632	0
6	"HI"	2	"4WK"	71.19910142	371.6382803	84.54181329	58.61427151	985.5399402	27.090098	1.769076098	1.61731513	0	30.63847152
6	"HI"	2	"PRE"	109.3120371	459.2464046	97.93024005	62.67520808	929.8302868	42.45735487	0.214286809	1.930341057	1.716054248	3.566270743
7	"LO"	3	"1WK"	40.95632387	332.7109905	74.92949987	51.47017556	806.5743847	13.2932166	2.770858854	4.841425524	2.07056667	20.40063152
7	"LO"	3	"24H"	82.86132784	554.9062137	100.3841888	76.64567229	807.393139	48.95460303	1.467738856	2.330040478	0.862301622	97.379205
7	"LO"	3	"4WK"	47.40638914	354.5301402	58.9204669	31.97485441	630.7667047	15.55170148	0	5.537493083	5.642617164	112.4697321
7	"LO"	3	"PRE"	84.03722654	555.3599961	122.6488099	70.61259831	812.3764169	46.89543926	0.031750666	1.641042753	1.609292087	2.146930856
8	"NO"	3	"1WK"	56.87847666	409.3172095	87.45536149	50.1861445	970.9235323	23.14982433	2.746139555	4.545531222	1.799391667	97.93989373
8	"NO"	3	"24H"	106.7376571	485.5517676	134.7734941	93.45471728	846.1975032	38.66526572	3.984316709	4.492952885	0.508636176	138.7569303
8	"NO"	3	"4WK"	54.8752539	407.6548193	83.25511073	47.6998318	764.4060776	24.58146882	0	0.40546001	1.608127811	166.290948
8	"NO"	3	"PRE"	96.08522013	573.6762856	149.8124726	107.6745244	945.9559411	65.07108817	0.607021008	2.27268962	1.665668611	167.588151
9	"HI"	3	"1WK"	45.64426942	367.5312807	79.49806849	50.79104173	762.874295	22.3921812	2.810158687	4.599853036	1.789694349	126.529782
9	"HI"	3	"24H"	93.27094286	640.6724629	164.4283956	110.6931816	721.5459179	69.65106819	2.042380685	3.062932456	1.020551772	108.7941224
9	"HI"	3	"4WK"	66.81086928	478.6638046	115.834635	80.13311798	727.2726733	37.21839598	2.040815863	4.262917069	2.222101205	214.6488491
9	"HI"	3	"PRE"	93.99707217	502.5880791	146.6654367	77.0485928	767.3287996	56.50493663	1.693726814	3.748764836	2.055038022	180.2947367
10	"HI"	4	"1WK"	34.97091145	332.088688	55.66104449	45.4581919	937.3017014	32.00898638	2.763783043	4.759257068	1.995474025	132.0139332
10	"HI"	4	"24H"	0	0	0	0	0	0	0	0	0	0
10	"HI"	4	"4WK"	0	0	0	0	0	0	0	0	0	0
10	"HI"	4	"PRE"	0	0	0	0	0	0	0	0	0	0
11	"LO"	4	"1WK"	38.1714402	371.3515787	72.20773127	42.55966187	773.8976606	26.32522807	2.496968897	4.966735608	2.469766711	154.537974
11	"LO"	4	"24H"	81.1133946	451.8004699	124.7782259	73.0522405	707.7800464	31.26048758	2.765141197	4.34344061	1.578299413	152.8246355
11	"LO"	4	"4WK"	75.48456315	442.4594092	93.92932242	65.31028555	914.7727947	35.13872905	1.731275016	3.440354198	1.709079182	137.2428122
11	"LO"	4	"PRE"	77.94826573	419.1935875	120.1520975	48.31626547	872.0164067	66.86394671	1.364026645	2.705773726	1.341747081	43.64282169
12	"NO"	4	"1WK"	27.45327453	324.8674567	56.66853707	30.86727743	870.5521355	25.63516893	2.103525291	3.714098302	1.610573011	107.2577226
12	"NO"	4	"24H"	86.02101127	555.0310585	127.512802	83.53505826	808.0800016	49.50148665	2.595489188	4.520744909	1.925255721	202.9051021
12	"NO"	4	"PRE"	66.81194553	387.834941	106.5252144	45.8079126	728.7975832	40.40890671	2.232474493	4.215666423	1.983191929	203.735559
