"Plot"	"Treatment"	"Block"	"GrazeTime"	"AG"	"BG"	"BX"	"CBH"	"LAP"	"NAG"	"PER1"	"PEROX"	"PHENOX"	"PHOS"
1	"NO"	1	"1WK"	0.29314905911482	0.443235505572718	0.336679339651037	0.323510511780249	0.651218168459019	0.0772794215921701	0.849614601172635	1	0.473931525970171	0.765192828639531
1	"NO"	1	"24H"	0.475949370355283	0.505138512798097	0.643003324894373	0.347038222722835	0.713486939020269	0.46838478099154	0.507833399604109	0.620339293859536	0.308476847251869	0.668226873512254
1	"NO"	1	"4WK"	0.262201232361907	0.517285091667392	0.388675839889937	0.307456771935445	0.596243459511663	0.268913763804833	0.620529279584142	0.973566333791673	0.617089632664648	0.916396076232904
1	"NO"	1	"PRE"	0.901041014052836	0.591865875401588	0.717857868392711	0.626366680294245	0.647606162287699	0.556797296836978	0.0848693373234053	0.594447399020197	0.598319118394118	0.825691089318611
2	"LO"	1	"1WK"	0.359212789521007	0.669795446892774	0.561488945242562	0.45567296179334	0.84286759263441	0.56349420403627	0.764964211626337	0.92625748372659	0.455557068517789	0.870777483497562
2	"LO"	1	"24H"	0.577094288337152	0.690973866577901	0.640520608071702	0.603238623326371	0.731362970025724	0.58865136968404	0.569693352082023	0.62263869540632	0.264429350536034	0.776292082892131
2	"LO"	1	"4WK"	0.468305002164747	0.706162546384667	0.594232402858962	0.544110757495835	0.805371860698377	0.430385143961135	0.691526655166945	0.93964856394661	0.525808403399951	0.98258313091203
2	"LO"	1	"PRE"	0.627061983390455	0.730217631303161	0.723450598100869	0.572070325151807	0.667089515973832	0.560734476080976	0.119614696818721	0.509755373069428	0.477785615901834	0.672289971651709
3	"HI"	1	"1WK"	0.47076487110727	0.695282582278752	0.546054656545126	0.54696116973839	0.764514673674318	0.382180468465835	1	0.98931460388093	0.34871715124567	1
3	"HI"	1	"24H"	0.783727208936157	0.887067892894137	0.802622050870652	0.885276472078566	0.906835619680114	0.881417948430175	0.551372495833576	0.661982150013142	0.322065412410814	0.943565232549654
3	"HI"	1	"4WK"	0.401906395378614	0.58246999396671	0.453357741062268	0.443759176220119	0.714288886451551	0.435107472398407	0.938392594444408	0.971045158633025	0.374782372884017	0.992128785161251
3	"HI"	1	"PRE"	0.944111550708042	0.767480285596024	0.957362906013088	0.873409879565699	0.79293443793924	0.778757726328561	0	0.625761475320172	0.823250123123186	0.552330058173482
4	"NO"	2	"1WK"	0.626440766370134	0.673247608688505	0.589522745119742	0.573212908716321	0.889028961667858	0.492586494960976	0.625437371739949	0.58081200892289	0.175829763062763	0.17634334368836
4	"NO"	2	"24H"	0.739763604475273	0.699551604374098	0.688463272934777	0.599611461073046	0.665973903847643	0.705772457156052	0.341551344718389	0.357966040291236	0.141458160424651	0.263911752941132
4	"NO"	2	"4WK"	0.614892621718309	0.520997158655935	0.618610336175637	0.569927178423427	1	0.532527503509634	0.610949150395465	0.940402381353246	0.587360441559809	0.505762272669731
4	"NO"	2	"PRE"	1	0.903763511356623	1	0.849835337102642	0.945797589987043	0.77349680442855	0	0.428976963656516	0.962738959087744	0.330407033153349
5	"LO"	2	"1WK"	0.282002725219168	0.47917361050668	0.477492362441665	0.427349534237256	0.672837815725788	0.260635814234452	0.836043303881044	0.847252769918089	0.313983569238652	0.0723688336165785
5	"LO"	2	"24H"	0.374358138609828	0.487856727890591	0.491501118094403	0.272828620096326	0.686969588054789	0.752656019387892	0.404258976155111	0.370183672755243	0.107821723203478	0.0167483136563265
5	"LO"	2	"4WK"	0.341025096319096	0.522066393935534	0.329988006127805	0.243318829766115	0.535218120302389	0.234854003608067	0.466119986846038	0.0351657431224096	0	0
5	"LO"	2	"PRE"	0.598997187966982	0.755591823642277	0.627842179036248	0.526648480939498	0.745896621279548	0.573528050438935	0.310241723447177	0.479528934407194	0.300480249806294	0.330080455315744
6	"HI"	2	"1WK"	0.469981916017802	0.67572685852673	0.579826541221309	0.421048820770366	0.759797496917495	0.319527083479752	0.56463216150608	0.59185881359045	0.233951361333221	0.00646461084716104
6	"HI"	2	"24H"	0.664552392552705	0.664721774324913	0.703820247285382	0.717984041484991	0.72315773187123	0.635625414519576	0.250773787512231	0.27333047502585	0.11556451572868	0
6	"HI"	2	"4WK"	0.556792790104271	0.580075314331104	0.497444401486374	0.529520162513786	0.878243555022906	0.38894016565692	0.416105656492011	0.257273846035664	0	0.131432482141996
6	"HI"	2	"PRE"	0.854844413974496	0.716819328430668	0.576221963467768	0.566206582682596	0.828599048437834	0.609572200015386	0.0504025538739279	0.307068337322077	0.304123813139133	0.0152985378345946
7	"LO"	3	"1WK"	0.320287551179483	0.519315266015938	0.440885507017087	0.464980541854802	0.718762097927344	0.190854454144733	0.651735696273237	0.770148094054317	0.36695147124463	0.0875143407916922
7	"LO"	3	"24H"	0.647993991491842	0.866130895010253	0.590661008713162	0.692415478371253	0.719491713905136	0.70285502149741	0.345227907903549	0.370650384748356	0.152819444760757	0.417735937440924
7	"LO"	3	"4WK"	0.370728494483708	0.553371903320491	0.346688286562161	0.288860198503862	0.562094716337313	0.223280157564515	0	0.880874800731813	1	0.482471067334376
7	"LO"	3	"PRE"	0.657189780553712	0.866839185792638	0.721666137257293	0.637912808082119	0.723932459043963	0.673291027383452	0.00746809689810674	0.261048309474026	0.285203131849404	0.00920987364552837
8	"NO"	3	"1WK"	0.444802323130247	0.638886846559985	0.514587731918372	0.453380630808429	0.865218445119033	0.332368546981218	0.64592145224493	0.72307881010124	0.31889309777742	0.420141172031195
8	"NO"	3	"24H"	0.834712190471658	0.757878316483516	0.793007832453624	0.844268056344312	0.754071421307451	0.555128108222628	0.937153987748092	0.714714929292093	0.0901418900515009	0.595237518680661
8	"NO"	3	"4WK"	0.429136676127749	0.636292088245455	0.48987343796026	0.430919331349312	0.681184682313638	0.352923070080485	0	0.0644984111329984	0.284996795681955	0.713352558697926
8	"NO"	3	"PRE"	0.751407766909508	0.895428348837186	0.881497248137636	0.972729510920481	0.842969092087844	0.934243937113694	0.142777846201098	0.361527316808526	0.295194333159264	0.718917281795185
9	"HI"	3	"1WK"	0.356948326815454	0.573664863066491	0.46776698488449	0.458845260347996	0.679819665898501	0.321490851208724	0.660979438150129	0.731720033912343	0.317174512638972	0.542785670698027
9	"HI"	3	"24H"	0.729399493461689	1	0.967497403397684	1	0.642990736550123	1	0.480389824213502	0.487234923167127	0.180864967857671	0.466703488787227
9	"HI"	3	"4WK"	0.522475839916336	0.747127170775112	0.681571502154938	0.723920993341472	0.64809401630175	0.534354991921625	0.480021761309742	0.67812206126626	0.393806834739214	0.92079759944029
9	"HI"	3	"PRE"	0.735077985976734	0.784469613107824	0.862980075051206	0.696055454241275	0.683789205636258	0.811257287194234	0.398382697417233	0.596333472278204	0.364199441902807	0.773425813560903
10	"HI"	4	"1WK"	0.273480296385669	0.518343938955644	0.327509830756251	0.410668401096893	0.835257045188349	0.459562031305582	0.650071389698355	0.75707717527924	0.353643347936337	0.566311505013472
10	"HI"	4	"24H"	0	0	0	0	0	0	0	0	0	0
10	"HI"	4	"4WK"	0	0	0	0	0	0	0	0	0	0
10	"HI"	4	"PRE"	0	0	0	0	0	0	0	0	0	0
11	"LO"	4	"1WK"	0.298509142213502	0.579627813280876	0.424870608595555	0.384483138480862	0.6896429103942	0.377958712681733	0.587313843254649	0.790081752411753	0.437698791042773	0.662934816926376
11	"LO"	4	"24H"	0.63432476524874	0.705197267032405	0.734195630373344	0.659952487082547	0.630723564585793	0.448815623253976	0.650390842073765	0.690931315755508	0.279710525652809	0.655584961642067
11	"LO"	4	"4WK"	0.590306052855386	0.690617179326251	0.552680546523887	0.590011820113769	0.815180875462572	0.504496628165783	0.407214436911632	0.547273156496349	0.302887672923117	0.588742276252878
11	"LO"	4	"PRE"	0.609572754346649	0.654302489609937	0.706975470507086	0.436488180858287	0.777079403705437	0.959984512048012	0.32083368444805	0.430420021477366	0.23778807634875	0.187218359723097
12	"NO"	4	"1WK"	0.214690705615611	0.507072608099136	0.333437921531179	0.278854370105123	0.775774548679526	0.368051339285569	0.494771690798744	0.590818905348439	0.285430140693486	0.46011266263767
12	"NO"	4	"24H"	0.672703417843419	0.866325760260797	0.750285888181244	0.754654054139139	0.720103797319547	0.710706783634182	0.610486871487117	0.719135935916569	0.341199068631338	0.870419439522943
12	"NO"	4	"PRE"	0.522484256430427	0.605356033634515	0.626794830371632	0.413827770941946	0.649452908252282	0.580162052931754	0.525101924988777	0.670605681063913	0.351466681392599	0.873981921796503
