"GrazeTime"	"Plot"	"Sample"	"Block"	"Treatment"	"NPOC_t0Nmin_ppm"	"DON_t0Nmin_ppm"	"NPOC_t0Nmin_mgg"	"DON_t0Nmin_mgg"	"NPOC_mbc_ppm"	"DON_mbc_ppm"	"DOC_mbc_mgg"	"DON_mbc_mgg"	"chl_labile_C_mgg"	"chl_labile_N_mgg"	"mbc_mgg"	"mbn_mgg"	"NO3_ppm"	"NH4_ppm"	"NO3_mgkg"	"NH4_mgkg"	"minN_ppm"	"minN_mgkg"
"1"	"1WK"	1	1	1	"NO"	41.21	3.711	211.5320961	19.04866801	119.41	6.524	522.7974222	28.56318887	311.2653262	9.514520861	691.7007248	17.61948308	0.11506	0.05087107	0.590606236	0.261122642	0.16593107	0.851728878
"2"	"1WK"	1	2	1	"NO"	35.8	2.478	178.6592929	12.36641698	120.51	5.613	491.6378195	22.8990381	312.9785267	10.53262112	695.507837	19.50485393	0.10414	0.02803507	0.519708904	0.139908541	0.13217507	0.659617445
"3"	"1WK"	1	3	1	"NO"	35.01	2.307	176.6506526	11.64047574	116.91	5.756	492.6596523	24.25582892	316.0089996	12.61535318	702.2422214	23.36176514	0.11038	0.02682407	0.556946559	0.135346743	0.13720407	0.692293302
"4"	"1WK"	1	4	1	"NO"	99.35	1.992	501.1461495	10.04814423	137.21	5.585	574.5305821	23.38571023	73.38443268	13.337566	163.0765171	24.69919629	0.10466	0.02578607	0.527931112	0.130071361	0.13044607	0.658002473
"5"	"1WK"	1	5	1	"NO"	58.4	2.965	302.2127402	15.34350642	129.41	5.369	557.0192055	23.10977602	254.8064653	7.7662696	566.2365895	14.38198074	0.0979	0.04741107	0.50662033	0.245346394	0.14531107	0.751966724
"6"	"1WK"	10	1	4	"HI"	34.36	1.71	175.2696253	8.722673438	59.7	3.704	252.2762639	15.65211527	77.00663857	6.92944183	171.1258635	12.83229969	0.10076	0.03080307	0.513974606	0.157125801	0.13156307	0.671100407
"7"	"1WK"	10	2	4	"HI"	47.05	1.894	233.4107812	9.395962158	72.39	3.514	300.4205404	14.58319905	67.00975927	5.18723689	148.9105762	9.605994241	0.10076	0.03114907	0.499861218	0.15452771	0.13190907	0.654388928
"8"	"1WK"	10	3	4	"HI"	80.82	2.317	426.5245488	12.22788146	64.52	3.132	276.493842	13.42186474	0	1.193983282	0	2.211080152	0.11428	0.03426307	0.603108456	0.18082208	0.14854307	0.783930536
"9"	"1WK"	10	4	4	"HI"	89.64	3.042	450.5077249	15.28831436	69.86	3.739	293.0791351	15.68598463	0	0.39767027	0	0.736426426	0.12572	0.03253307	0.631836582	0.163502893	0.15825307	0.795339475
"10"	"1WK"	10	5	4	"HI"	109.95	2.776	569.4229998	14.37670075	54.16	2.978	238.0451279	13.08896586	0	0	0	0	0.09972	0.03357107	0.516442579	0.173862114	0.13329107	0.690304693
"11"	"1WK"	11	1	4	"LO"	61.3	2.095	311.6725029	10.65177641	47.02	3.894	200.1410402	16.57484497	0	5.923068567	0	10.96864549	0.11116	0.03841507	0.565179697	0.195316819	0.14957507	0.760496516
"12"	"1WK"	11	2	4	"LO"	44.24	1.805	224.1275001	9.144442532	76.4	3.729	326.228278	15.92284357	102.1007779	6.778401035	226.8906176	12.55259451	0.11506	0.03374407	0.582913882	0.170953301	0.14880407	0.753867183
"13"	"1WK"	11	3	4	"LO"	65.94	2.184	329.2487826	10.90505522	49.13	3.401	207.6618869	14.37529162	0	3.4702364	0	6.426363704	0.10804	0.03322507	0.539460699	0.165897996	0.14126507	0.705358695
"14"	"1WK"	11	4	4	"LO"	26.18	1.68	135.6987699	8.707942455	48.7	3.236	210.0299266	13.95599266	74.33115663	5.248050201	165.1803481	9.718611483	0.11532	0.02768907	0.59773805	0.143520731	0.14300907	0.741258781
"15"	"1WK"	11	5	4	"LO"	26.57	1.38	136.6016529	7.094854382	40.57	2.998	174.4651408	12.89244496	37.86348791	5.797590577	84.14108424	10.73627885	0.11116	0.03305207	0.571495662	0.169927264	0.14421207	0.741422926
"16"	"1WK"	12	1	4	"NO"	49	2.052	247.9617218	10.38402966	57.41	3.896	253.8862368	17.22941611	5.924515007	6.84538645	13.1655889	12.67664157	0.10752	0.03374407	0.544098864	0.170759953	0.14126407	0.714858817
"17"	"1WK"	12	2	4	"NO"	183.05	2.34	940.0851164	12.01747704	48.98	2.623	213.1202784	11.4131174	0	0	0	0	0.09868	0.03045707	0.506788305	0.156417581	0.12913707	0.663205886
"18"	"1WK"	12	3	4	"NO"	254.55	1.524	1285.716178	7.697628972	51.42	2.687	221.4298757	11.57102443	0	3.873395453	0	7.172954543	0.10388	0.02976507	0.524691403	0.150341513	0.13364507	0.675032916
"19"	"1WK"	12	4	4	"NO"	73.39	1.236	378.1771814	6.369082929	40.24	2.57	172.7431718	11.03255347	0	4.663470536	0	8.636056549	0.0979	0.03028407	0.504476714	0.156053198	0.12818407	0.660529912
"20"	"1WK"	12	5	4	"NO"	147.75	1.364	755.0306667	6.97030003	40.71	3.061	177.5151358	13.34742891	0	6.377128877	0	11.80949792	0.1031	0.03080307	0.526860655	0.15740956	0.13390307	0.684270215
"21"	"1WK"	2	1	1	"LO"	42.47	2.749	213.2267836	13.80175249	NA	NA	NA	NA	NA	NA	NA	NA	0.10076	0.02405607	0.505880167	0.120776982	0.12481607	0.626657149
"22"	"1WK"	2	2	1	"LO"	70.35	2.436	359.6194998	12.45249611	97.71	4.298	426.5401039	18.76235152	66.92060407	6.309855402	148.7124535	11.68491741	0.10076	0.02647807	0.515071227	0.135352243	0.12723807	0.65042347
"23"	"1WK"	2	3	1	"LO"	37.93	1.861	187.2059736	9.185086129	NA	NA	NA	NA	NA	NA	NA	NA	0.11454	0.01973107	0.565319594	0.097383975	0.13427107	0.662703569
"24"	"1WK"	2	4	1	"LO"	38.04	2.412	188.2066304	11.93360653	NA	NA	NA	NA	NA	NA	NA	NA	0.1226	0.02526707	0.606575523	0.125011307	0.14786707	0.73158683
"25"	"1WK"	2	5	1	"LO"	52.11	2.715	266.7803843	13.89961127	94.39	4.551	410.6170812	19.79784232	143.836697	5.898231052	319.6371044	10.9226501	0.09998	0.02319107	0.511853825	0.118728124	0.12317107	0.630581949
"26"	"1WK"	3	1	1	"HI"	31.95	2.312	163.4236318	11.82583526	NA	NA	NA	NA	NA	NA	NA	NA	0.1109	0.02094207	0.567251354	0.107118283	0.13184207	0.674369637
"27"	"1WK"	3	2	1	"HI"	42.76	2.771	213.4541002	13.83258446	NA	NA	NA	NA	NA	NA	NA	NA	0.11584	0.03184107	0.578262932	0.158947777	0.14768107	0.737210709
"28"	"1WK"	3	3	1	"HI"	40.01	2.362	197.2715628	11.64597429	NA	NA	NA	NA	NA	NA	NA	NA	0.10908	0.02647807	0.537825096	0.130551618	0.13555807	0.668376714
"29"	"1WK"	3	4	1	"HI"	39.05	2.517	200.1931005	12.90361163	NA	NA	NA	NA	NA	NA	NA	NA	0.11376	0.02561307	0.583200182	0.131307552	0.13937307	0.714507734
"30"	"1WK"	3	5	1	"HI"	55.95	3.083	286.2542499	15.77340219	111.61	6.382	496.7780653	28.40639381	210.5238154	12.63299162	467.8307009	23.39442892	0.1109	0.02422907	0.567392249	0.123962006	0.13512907	0.691354255
"31"	"1WK"	4	1	2	"NO"	25.54	2.158	127.6064469	10.78209524	74.64	5.001	318.9004229	21.36684103	191.293976	10.5847458	425.0977244	19.6013811	0.10726	0.04274007	0.535907106	0.213543793	0.15000007	0.749450899
"32"	"1WK"	4	2	2	"NO"	45.52	2.475	228.9652601	12.44923152	83.07	4.282	345.9443733	17.83235592	116.9791132	5.383124402	259.9535848	9.968748892	0.09998	0.03876107	0.502898654	0.194967893	0.13874107	0.697866547
"33"	"1WK"	4	3	2	"NO"	47.23	2.626	235.0395963	13.06826127	95.59	5.025	403.9195085	21.23334586	168.8799123	8.165084586	375.2886939	15.12052701	0.10336	0.03789607	0.514369949	0.188589392	0.14125607	0.702959341
"34"	"1WK"	4	4	2	"NO"	35.99	2.461	182.7377919	12.4956295	73.53	3.785	312.0414202	16.06251564	129.3036283	3.566886141	287.3413962	6.605344706	0.0979	0.03512807	0.497083352	0.178361377	0.13302807	0.675444729
"35"	"1WK"	4	5	2	"NO"	37.69	2.51	188.2189266	12.53461146	65.83	3.878	281.6363268	16.59100221	93.41740018	4.056390751	207.5942226	7.511834723	0.10336	0.03651207	0.516166311	0.182336498	0.13987207	0.698502809
"36"	"1WK"	5	1	2	"LO"	32.26	2.151	158.8023162	10.58846194	95.75	4.431	398.3228817	18.43309336	239.5205655	7.844631417	532.2679233	14.52709522	0.10102	0.03893407	0.497278673	0.191655936	0.13995407	0.688934609
"37"	"1WK"	5	2	2	"LO"	27.95	1.817	142.8291541	9.285172557	95.49	4.619	394.4173081	19.07857939	251.588154	9.793406832	559.0847866	18.13593858	0.10336	0.02353707	0.528186811	0.120278347	0.12689707	0.648465158
"38"	"1WK"	5	3	2	"LO"	32.83	2.268	161.0808585	11.12797402	101.61	4.86	420.4599792	20.11057474	259.3791208	8.98260072	576.3980462	16.63444578	0.10284	0.03893407	0.504585912	0.191030564	0.14177407	0.695616476
"39"	"1WK"	5	4	2	"LO"	37.61	2.032	187.3055146	10.11977681	103.01	4.946	441.5125559	21.19911758	254.2070413	11.07934077	564.9045362	20.51729772	0.11116	0.03530107	0.553599601	0.17580657	0.14646107	0.729406171
"40"	"1WK"	5	5	2	"LO"	29.15	1.353	148.8368792	6.908277787	77.85	3.212	330.1169479	13.62023939	181.2800687	6.711961605	402.8445972	12.42955853	0.1161	0.01765507	0.592794568	0.090144958	0.13375507	0.682939526
"41"	"1WK"	6	1	2	"HI"	14.65	1.119	73.80738864	5.6375746	86.9	3.759	368.7324394	15.95011783	294.9250508	10.31254323	655.3890018	19.09730229	0.10232	0.02371007	0.51549297	0.119452447	0.12603007	0.634945417
"42"	"1WK"	6	2	2	"HI"	29.54	1.86	148.487062	9.349557729	86.37	4.205	378.3760583	18.42157376	229.8889964	9.072016028	510.8644364	16.80002968	0.10492	0.03512807	0.527395482	0.1765763	0.14004807	0.703971782
"43"	"1WK"	6	3	2	"HI"	35.92	2.281	180.5570503	11.46577483	96.71	5.36	415.1152154	23.00710945	234.5581651	11.54133462	521.2403669	21.37284189	0.10648	0.04793007	0.535237047	0.240927396	0.15441007	0.776164443
"44"	"1WK"	6	4	2	"HI"	43.86	2.6	220.1243702	13.04886828	106.21	6.015	457.5631856	25.91321497	237.4388154	12.86434669	527.641812	23.82286424	0	0.03772307	0	0.189324374	0.03772307	0.189324374
"45"	"1WK"	6	5	2	"HI"	62.96	2.993	339.4009156	16.13448126	91.62	5.714	423.3983732	26.40578809	83.99745762	10.27130682	186.6610169	19.02093856	0.10206	0.06523007	0.550178803	0.35163827	0.16729007	0.901817073
"46"	"1WK"	7	1	3	"LO"	65.84	3.994	369.3774466	22.40725276	108.61	7.152	500.9598866	32.98835383	131.58244	10.58110107	292.4054223	19.59463161	0.10102	0.02941907	0.566745286	0.165047706	0.13043907	0.731792992
"47"	"1WK"	7	2	3	"LO"	38.01	2.581	191.5844915	13.00919686	49.79	3.286	213.7659783	14.1079535	22.1814868	1.098756641	49.2921929	2.03473452	0	0.03772307	0	0.190138258	0.03772307	0.190138258
"48"	"1WK"	7	3	3	"LO"	33.96	2.48	171.7131092	12.5397088	68.95	4.88	287.7184312	20.36353799	116.0053219	7.823829185	257.7896043	14.48857256	0.10102	0.04654607	0.51079088	0.235352485	0.14756607	0.746143365
"49"	"1WK"	7	4	3	"LO"	31.33	2.391	155.6115673	11.87575032	59.78	4.51	247.0085409	18.63513749	91.39697359	6.759387178	203.1043858	12.51738366	0.11402	0.05208207	0.566320808	0.25868409	0.16610207	0.825004898
"50"	"1WK"	7	5	3	"LO"	33.43	1.712	165.7568576	8.488655108	59.78	3.678	247.3576675	15.21882739	81.60080989	6.730172278	181.3351331	12.463282	0.09816	0.02388307	0.486709337	0.118420061	0.12204307	0.605129398
"51"	"1WK"	8	1	3	"NO"	70.04	4.027	345.7342375	19.87823778	110.01	7.366	455.5583901	30.50307337	109.8241527	10.62483559	244.0536726	19.67562146	0.10362	0.02820807	0.511493171	0.139241799	0.13182807	0.65073497
"52"	"1WK"	8	2	3	"NO"	38.3	1.931	204.2932128	10.30000507	59.81	3.817	261.5478385	16.69165858	57.2546257	6.391653515	127.2325015	11.8363954	0.11012	0.01471407	0.587382992	0.078485238	0.12483407	0.66586823
"53"	"1WK"	8	3	3	"NO"	484.75	2.521	2366.365591	12.30656556	72.69	3.399	297.8844758	13.92914202	0	1.622576455	0	3.004771212	0.09686	0.03270607	0.472833772	0.159658625	0.12956607	0.632492397
"54"	"1WK"	8	4	3	"NO"	62.37	1.753	321.110845	9.025289582	65.14	3.771	280.3584145	16.23014401	0	7.204854432	0	13.34232302	0	0.01713607	0	0.088224754	0.01713607	0.088224754
"55"	"1WK"	8	5	3	"NO"	32.37	1.692	171.0080756	8.938698299	61.59	4.334	270.2137343	19.01455308	99.20565869	10.07585479	220.4570193	18.65899034	0	0.03184107	0	0.168213781	0.03184107	0.168213781
"56"	"1WK"	9	1	3	"HI"	85.08	4.612	432.3093791	23.43454227	125.81	8.277	525.0067065	34.54002472	92.69732737	11.10548244	205.9940608	20.56570823	0.11922	0.05813707	0.605781901	0.295406684	0.17735707	0.901188585
"57"	"1WK"	9	2	3	"HI"	59.83	1.801	303.5439537	9.1372666	59.17	3.418	256.4961405	14.81669441	0	5.679427807	0	10.5174589	0.10336	0.03218707	0.524390825	0.163299189	0.13554707	0.687690014
"58"	"1WK"	9	3	3	"HI"	51.72	3.144	257.4460072	15.64985009	71.9	5.7	302.5104645	23.98205352	45.06445732	8.332203426	100.1432385	15.43000634	0.10882	0.05571507	0.541671974	0.277332218	0.16453507	0.819004192
"59"	"1WK"	9	4	3	"HI"	47.93	2.038	240.1268205	10.21027457	70.51	2.705	307.0636112	11.77998962	66.93679067	1.569715051	148.7484237	2.906879724	0.10622	0.03253307	0.532156705	0.162988998	0.13875307	0.695145703
"60"	"1WK"	9	5	3	"HI"	38.37	1.417	193.4598408	7.14445125	53.25	3.27	225.2203133	13.83043051	31.76047249	6.685979258	70.57882775	12.38144307	0.09686	0.03547407	0.488363831	0.17885869	0.13233407	0.667222521
"61"	"24H"	1	1	1	"NO"	34.71	2.79	171.2652201	13.76634872	49.65	5.056	213.9468901	21.78681724	42.68167001	8.020468527	94.84815558	14.8527195	0.10882	0.03962607	0.536936942	0.195521971	0.14844607	0.732458913
"62"	"24H"	1	2	1	"NO"	35.37	2.647	183.4133722	13.72618593	63.96	6.114	273.7953052	26.17236547	90.38193294	12.44617955	200.8487399	23.04848064	0.09998	0.02457507	0.518452614	0.12743558	0.12455507	0.645888194
"63"	"24H"	1	3	1	"NO"	64.35	2.03	324.7504268	10.24465216	49.31	4.175	208.6055862	17.66230627	0	7.417654115	0	13.73639651	0.10284	0.01834707	0.518995088	0.092590813	0.12118707	0.611585901
"64"	"24H"	1	4	1	"NO"	42.21	2.543	213.9330404	12.88869277	48.18	4.641	198.0533719	19.07774386	0	6.189051092	0	11.46120573	0.10232	0.02422907	0.518588692	0.122800251	0.12654907	0.641388943
"65"	"24H"	1	5	1	"NO"	39.84	2.613	206.283834	13.52960989	66.2	5.401	282.5978931	23.05606073	76.31405914	9.526450842	169.5867981	17.64157563	0.0992	0.01903907	0.513638462	0.098580631	0.11823907	0.612219093
"66"	"24H"	10	1	4	"HI"	32.59	2.405	162.5500636	11.99548643	44.65	4.209	186.4482415	17.57582639	23.89817792	5.580339959	53.10706206	10.33396289	0.10232	0.02198007	0.510344354	0.109630616	0.12430007	0.61997497
"67"	"24H"	10	2	4	"HI"	30.55	2.162	152.9251957	10.82239847	48.31	4.425	203.5440797	18.64381189	50.61888395	7.821413426	112.4864088	14.48409894	0.1109	0.02284507	0.555135981	0.11435636	0.13374507	0.669492341
"68"	"24H"	10	3	4	"HI"	52.4	3.497	260.5707033	17.38961354	70.13	5.952	304.7271362	25.86248274	44.15643289	8.472869203	98.12540643	15.69049852	0.10024	0.03097607	0.498465788	0.154035426	0.13121607	0.652501214
"69"	"24H"	10	4	4	"HI"	35.31	2.222	174.3283411	10.97019468	49.07	5.449	206.3926941	22.91896862	32.06435298	11.94877395	71.25411774	22.12735916	0.10284	0.02509407	0.507729442	0.123891464	0.12793407	0.631620906
"70"	"24H"	10	5	4	"HI"	32.86	1.42	170.245826	7.356940744	30.89	3.308	138.2332053	14.80334876	0	7.446408013	0	13.78964447	0.0979	0.02284507	0.507214436	0.118359033	0.12074507	0.625573469
"71"	"24H"	11	1	4	"LO"	118.05	3.878	605.1121597	19.87822919	77.46	7.314	323.6371415	30.5587665	0	10.68053731	0	19.7787728	0.10128	0.03443607	0.519150864	0.176515753	0.13571607	0.695666617
"72"	"24H"	11	2	4	"LO"	72.17	3.964	350.972719	19.27748175	76.61	7.792	321.015173	32.65044025	0	13.3729585	0	24.76473796	0.11584	0.03806907	0.563345985	0.185135167	0.15390907	0.748481152
"73"	"24H"	11	3	4	"LO"	60.02	2.579	294.2141152	12.64208935	55.33	5.722	232.0826899	24.00103293	0	11.35894357	0	21.03508069	0.107	0.03028407	0.524507003	0.148450531	0.13728407	0.672957534
"74"	"24H"	11	4	4	"LO"	47.23	3.211	231.0232767	15.70645229	72.64	7.275	306.557325	30.702155	75.53404828	14.99570272	167.8534406	27.76981984	0.1083	0.03184107	0.529744249	0.155749065	0.14014107	0.685493314
"75"	"24H"	11	5	4	"LO"	32.26	2.045	162.8385757	10.32253215	55.09	5.415	243.1788031	23.90294462	80.34022746	13.58041247	178.5338388	25.14891197	0.10284	0.02474807	0.519104747	0.124920659	0.12758807	0.644025406
"76"	"24H"	12	1	4	"NO"	55.24	2.957	273.4388496	14.63719548	55.52	4.189	234.8463576	17.71922536	0	3.082029886	0	5.707462752	0.1083	0.02284507	0.536086666	0.113083448	0.13114507	0.649170114
"77"	"24H"	12	2	4	"NO"	43.72	2.479	216.3463262	12.26721278	65.19	7.122	269.7560219	29.47081436	53.40969565	17.20360158	118.6882126	31.85852144	0.1083	0.03011107	0.535917363	0.149003188	0.13841107	0.684920551
"78"	"24H"	12	3	4	"NO"	61.74	2.296	307.8240244	11.44742404	62.53	5.361	269.193781	23.0792877	0	11.63186366	0	21.54048826	0.09842	0.02665107	0.490703604	0.132877221	0.12507107	0.623580825
"79"	"24H"	12	4	4	"NO"	72.43	3.132	357.8736055	15.47508122	73.79	4.85	313.4473822	20.60197593	0	5.126894711	0	9.494249465	0.10076	0.02249907	0.497850953	0.111166965	0.12325907	0.609017918
"80"	"24H"	12	5	4	"NO"	23.58	1.856	117.8037316	9.27242264	54.08	6.09	229.4934007	25.84346913	111.6896691	16.57104649	248.1992648	30.68712313	0.11454	0.01921207	0.572232376	0.095981914	0.13375207	0.66821429
"81"	"24H"	2	1	1	"LO"	30.84	2.426	152.3167879	11.98185887	56.51	5.789	237.4394463	24.3237826	85.12265838	12.34192373	189.1614631	22.85541431	0.0979	0.02509407	0.48352184	0.123938007	0.12299407	0.607459847
"82"	"24H"	2	2	1	"LO"	32.4	2.229	160.9455621	11.07245858	63.97	5.906	269.2031068	24.85404953	108.2575446	13.78159095	240.5723214	25.52146473	0	0.02301807	0	0.114341241	0.02301807	0.114341241
"83"	"24H"	2	3	1	"LO"	30.22	2.044	152.6784622	10.32676296	62.99	5.667	272.9939049	24.5603502	120.3154427	14.23358724	267.3676505	26.35849489	0.09764	0.01506007	0.493299969	0.076086973	0.11270007	0.569386942
"84"	"24H"	2	4	1	"LO"	69.85	2.327	354.5120301	11.81030056	56.53	5.045	248.1371596	22.14491367	0	10.33461311	0	19.13817243	0.09712	0.02388307	0.492916369	0.12121454	0.12100307	0.614130909
"85"	"24H"	2	5	1	"LO"	28.93	2.328	148.5567325	11.95437516	65.98	6.061	275.5933283	25.3163256	127.0365958	13.36195044	282.3035462	24.74435266	0.10336	0.01955807	0.530757825	0.100431489	0.12291807	0.631189314
"86"	"24H"	3	1	1	"HI"	41.28	3.276	210.0131969	16.66674499	63.26	5.53	268.4505868	23.4671474	58.43738985	6.800402416	129.8608663	12.59333781	0.11532	0.02509407	0.586693844	0.127666809	0.14041407	0.714360653
"87"	"24H"	3	2	1	"HI"	54.98	2.846	274.1472605	14.19103498	72.59	5.657	311.4242406	24.26955406	37.27698011	10.07851907	82.83773357	18.66392421	0	0.02198007	0	0.109599418	0.02198007	0.109599418
"88"	"24H"	3	3	1	"HI"	59.16	3.533	314.2965151	18.76960088	110.31	9.88	496.1978485	44.44234198	181.9013334	25.6727411	404.2251854	47.54211315	0.0979	0.02025007	0.520108668	0.107581583	0.11815007	0.627690251
"89"	"24H"	3	4	1	"HI"	32.92	2.503	197.226899	14.99571471	70.73	7.312	363.9777649	37.62767449	166.7508659	22.63195978	370.5574797	41.91103664	0.10102	0.02059607	0.605220575	0.123393044	0.12161607	0.728613619
"90"	"24H"	3	5	1	"HI"	39.65	2.587	243.5022249	15.88752222	76	8.109	375.8817734	40.10559606	132.3795485	24.21807384	294.1767744	44.8482849	0.10856	0.01748207	0.666698652	0.107362495	0.12604207	0.774061147
"91"	"24H"	4	1	2	"NO"	117.15	2.376	621.6861778	12.60884642	63.34	5.829	279.8901583	25.75749499	0	13.14864857	0	24.3493492	0.09764	0.02890007	0.518151416	0.153365549	0.12654007	0.671516965
"92"	"24H"	4	2	2	"NO"	43.67	2.287	216.303863	11.32784371	56.82	5.219	242.6955075	22.29193688	26.39164442	10.96409317	58.64809871	20.30387624	0.09712	0.02578607	0.481049489	0.127722156	0.12290607	0.608771645
"93"	"24H"	4	3	2	"NO"	30.31	2.021	156.0228694	10.40324048	55.52	5.257	240.3260394	22.75565542	84.30317002	12.35241494	187.3403778	22.87484248	0	0.01869307	0	0.0962239	0.01869307	0.0962239
"94"	"24H"	4	4	2	"NO"	46.94	2.366	247.6388299	12.48217877	64.09	5.801	282.3769496	25.55888102	34.73811968	13.07670225	77.19582151	24.21611527	0	0.02353707	0	0.124173253	0.02353707	0.124173253
"95"	"24H"	4	5	2	"NO"	30.36	2.38	177.3993202	13.90679783	56.01	4.884	277.3578799	24.18525058	99.95855962	10.27845275	222.1301325	19.03417176	0.09894	0.02890007	0.578125453	0.168868668	0.12784007	0.746994121
"96"	"24H"	5	1	2	"LO"	54.1	3.535	282.8722773	18.48342884	66.38	7.071	290.9231435	30.9900203	8.050866235	12.50659146	17.89081386	23.16035456	0.1252	0.03928007	0.654632331	0.205383417	0.16448007	0.860015748
"97"	"24H"	5	2	2	"LO"	53.76	2.811	270.3344672	14.13523414	46.8	4.611	198.3125738	19.53887346	0	5.403639321	0	10.00673948	0.0992	0.03322507	0.498831457	0.16707369	0.13242507	0.665905147
"98"	"24H"	5	3	2	"LO"	56.76	2.503	282.5098424	12.45810669	55.42	4.504	234.7577027	19.07882881	0	6.620722128	0	12.26059653	0.10388	0.02751607	0.517038802	0.136954908	0.13139607	0.65399371
"99"	"24H"	5	4	2	"LO"	35.36	2.503	179.3927295	12.69852947	59.85	5.667	257.275916	24.36061179	77.88318647	11.66208233	173.0737477	21.59644875	0.1083	0.02492107	0.549440967	0.126432657	0.13322107	0.675873624
"100"	"24H"	5	5	2	"LO"	33.66	2.571	167.928055	12.8265903	60.56	6.479	260.0170387	27.81787308	92.0889837	14.99128278	204.642186	27.76163478	0.10206	0.03357107	0.509172231	0.167484388	0.13563107	0.676656619
"101"	"24H"	6	1	2	"HI"	27.9	1.387	149.9167443	7.452850334	59.17	2.778	268.4282595	12.60256388	118.5115152	5.149713546	263.3589226	9.536506566	0.09842	0.02665107	0.528846092	0.143205794	0.12507107	0.672051886
"102"	"24H"	6	2	2	"HI"	48.64	2.475	245.3333169	12.4835518	48.53	4.435	206.1595937	18.84025959	0	6.356707794	0	11.7716811	0.11558	0.03322507	0.582969259	0.167582579	0.14880507	0.750551838
"103"	"24H"	6	3	2	"HI"	21.85	1.825	113.5741839	9.486173255	54	5.508	234.5373172	23.92280635	120.9631333	14.4366331	268.8069629	26.73450574	0.1096	0.02388307	0.569690186	0.124141885	0.13348307	0.693832071
"104"	"24H"	6	4	2	"HI"	36.25	1.926	184.2108734	9.787314269	55.72	5.51	239.7597465	23.70919245	55.54887307	13.92187818	123.4419402	25.78125589	0.10284	0.02111507	0.522599896	0.107300013	0.12395507	0.629899909
"105"	"24H"	6	5	2	"HI"	35.74	2.021	178.9554529	10.11944517	40.97	4.262	176.3678742	18.3470803	0	8.227635136	0	15.23636136	0.1044	0.02025007	0.522746203	0.101395088	0.12465007	0.624141291
"106"	"24H"	7	1	3	"LO"	42.06	2.649	208.3783968	13.12397464	86.32	8.059	362.0934122	33.80573226	153.7150154	20.68175763	341.588923	38.29955116	0.10726	0.02595907	0.531399592	0.128609353	0.13321907	0.660008945
"107"	"24H"	7	2	3	"LO"	26.45	1.845	128.1729287	8.940606936	57.14	4.367	234.227841	17.90117223	106.0549123	8.960565298	235.6775828	16.59363944	0.1083	0.02890007	0.524806358	0.140045619	0.13720007	0.664851977
"108"	"24H"	7	3	3	"LO"	26.82	2.393	130.4622456	11.64042333	52.7	4.617	222.4826993	19.49151087	92.02045367	7.851087533	204.489897	14.53905099	0.10284	0.02890007	0.500251206	0.140580463	0.13174007	0.640831669
"109"	"24H"	7	4	3	"LO"	22.97	1.999	118.6491169	10.32562406	60.94	5.659	268.3443415	24.91894698	149.6952246	14.59332291	332.6560547	27.02467206	0.11844	0.01730907	0.611789352	0.089408179	0.13574907	0.701197531
"110"	"24H"	7	5	3	"LO"	22.32	1.91	120.012335	10.26987275	66.89	6.059	311.2338769	28.19204754	191.221542	17.92217479	424.9367599	33.18921258	0.13378	0.01627107	0.719321244	0.087487863	0.15005107	0.806809107
"111"	"24H"	8	1	3	"NO"	30.2	2.283	151.8262762	11.4774632	55.51	5.264	241.9035757	22.93965812	90.07729943	11.46219492	200.1717765	21.22628689	0.10206	0.02353707	0.513092376	0.118329328	0.12559707	0.631421704
"112"	"24H"	8	2	3	"NO"	41.84	2.645	214.6563698	13.56993542	79.47	7.475	351.2021011	33.03429855	136.5457313	19.46436313	303.4349585	36.0451169	0.09842	0.02959207	0.504934988	0.151819463	0.12801207	0.656754451
"113"	"24H"	8	3	3	"NO"	27.68	2.083	135.6092379	10.20498708	56.04	5.593	240.6413611	24.01690101	105.0321233	13.81191393	233.4047183	25.57761839	0.1161	0.02595907	0.568794527	0.127178096	0.14205907	0.695972623
"114"	"24H"	8	4	3	"NO"	33.97	2.507	168.6827048	12.44885313	53.78	4.66	231.2484837	20.03752201	62.56577893	7.588668885	139.0350643	14.05309053	0.11922	0.02146107	0.592003299	0.106567893	0.14068107	0.698571192
"115"	"24H"	8	5	3	"NO"	32.62	1.773	175.8065752	9.555642482	49.04	4.555	229.5920705	21.32528306	53.78549534	11.76964058	119.523323	21.7956307	0.10102	0.02180707	0.544450651	0.117529929	0.12282707	0.66198058
"116"	"24H"	9	1	3	"HI"	38.76	3.146	196.0608879	15.91350757	86.17	9.77	373.0748374	42.29942162	177.0139495	26.38591405	393.3643322	48.8628038	0.12988	0.02267207	0.656975958	0.114682822	0.15255207	0.77165878
"117"	"24H"	9	2	3	"HI"	23.07	2.332	114.479615	11.5720183	47.35	5.536	204.6156683	23.92296389	90.13605335	12.35094559	200.3023408	22.87212145	0.14314	0.02249907	0.710299614	0.111646505	0.16563907	0.821946119
"118"	"24H"	9	3	3	"HI"	269.45	2.527	1365.715924	12.80818015	85.98	5.74	369.3155712	24.65540101	0	11.84722086	0	21.93929789	0.09816	0.03305207	0.497527093	0.167525472	0.13121207	0.665052565
"119"	"24H"	9	4	3	"HI"	61.65	3.668	319.7999577	19.0271897	82.14	6.582	362.1589206	29.02033133	42.35896291	9.993141633	94.13102868	18.50581784	0.09946	0.03357107	0.515933557	0.174144798	0.13303107	0.690078355
"120"	"24H"	9	5	3	"HI"	28.55	2.539	162.6440764	14.46421401	59	5.692	292.9319588	28.2604866	130.2878823	13.79627259	289.5286274	25.54865294	0.09764	0.03495507	0.556237045	0.199132577	0.13259507	0.755369622
"121"	"4WK"	1	1	1	"NO"	29.94	1.861	152.8901549	9.503292528	47.42	4.549	196.9843019	18.89670159	44.09414701	9.393409063	97.98699336	17.39520197	0.10648	0.02301807	0.543745614	0.117542962	0.12949807	0.661288576
"122"	"4WK"	1	2	1	"NO"	69.16	1.654	360.4914127	8.621353333	46.46	3.66	191.0936187	15.05386665	0	6.432513314	0	11.91206169	0.12572	0.01834707	0.655306252	0.095632753	0.14406707	0.750939005
"123"	"4WK"	1	3	1	"NO"	37.46	1.907	196.6892706	10.01298556	62.19	4.916	264.8584324	20.93655015	68.16916179	10.92356459	151.4870262	20.22882331	0.1005	0	0.527690115	0	0.1005	0.527690115
"124"	"4WK"	1	4	1	"NO"	54.35	1.437	278.2648012	7.357249666	82.86	5.766	351.2322648	24.44128939	72.96746356	17.08403972	162.149919	31.6371106	0.10154	0	0.519871351	0	0.10154	0.519871351
"125"	"4WK"	1	5	1	"NO"	37.7	2.17	221.01256	12.7214126	89.05	7.548	427.7107141	36.25334609	206.6981541	23.53193349	459.3292313	43.57765461	0.1161	0.01817407	0.680624886	0.106543707	0.13427407	0.787168593
"126"	"4WK"	10	1	4	"HI"	35.79	2.131	195.0149629	11.61153635	66.41	8.073	291.206727	35.39996849	96.19176406	23.78843213	213.7594757	44.0526521	0.10934	0.02128807	0.595779158	0.11599587	0.13062807	0.711775028
"127"	"4WK"	10	2	4	"HI"	24.33	2.026	138.5775024	11.53958158	62.13	8.495	287.7707525	39.34673333	149.19325	27.80715175	331.5405556	51.49472547	0.11636	0.02492107	0.662757015	0.141944087	0.14128107	0.804701102
"128"	"4WK"	10	3	4	"HI"	21.95	1.58	123.1313469	8.863213128	52.91	7.293	236.2503129	32.56423231	113.1189659	23.70101919	251.3754798	43.89077627	0.11012	0.01834707	0.617732297	0.102920248	0.12846707	0.720652545
"129"	"4WK"	10	4	4	"HI"	98.05	2.513	562.8892487	14.42672802	66.63	6.16	307.1430429	28.39563476	0	13.96890675	0	25.86834583	0.09842	0.02665107	0.565013359	0.152999498	0.12507107	0.718012857
"130"	"4WK"	10	5	4	"HI"	104.25	4.394	588.209535	24.79225608	109.11	9.49	507.8485924	44.17086556	0	19.37860948	0	35.88631385	0.09972	0.02405607	0.562649926	0.135731508	0.12377607	0.698381434
"131"	"4WK"	11	1	4	"LO"	34.3	2.297	204.0939863	13.6677518	50.2	6.496	239.4562458	30.98621061	35.36225949	17.31845882	78.58279887	32.07122003	0.11818	0.01679007	0.703201962	0.099905315	0.13497007	0.803107277
"132"	"4WK"	11	2	4	"LO"	31.57	1.336	174.935352	7.403029151	46.34	4.928	208.1782773	22.13859626	33.24292527	14.73556711	73.87316727	27.28808723	0.10466	0.01523307	0.579940891	0.084409327	0.11989307	0.664350218
"133"	"4WK"	11	3	4	"LO"	65.86	1.376	354.562629	7.407807129	44.81	5.605	194.8044246	24.36685561	0	16.95904848	0	31.40564534	0.0979	0.01800107	0.527052557	0.096910214	0.11590107	0.623962771
"134"	"4WK"	11	4	4	"LO"	45.65	1.879	252.2547247	10.38305866	64.51	6.372	284.7009876	28.12144928	32.44626289	17.73839062	72.10280641	32.84887152	0	0.02111507	0	0.116678558	0.02111507	0.116678558
"135"	"4WK"	11	5	4	"LO"	20	1.078	116.9130033	6.30161088	41.15	5.023	185.7048338	22.66817449	68.79183049	16.36656361	152.8707344	30.30845113	0.10622	0	0.620924961	0	0.10622	0.620924961
"136"	"4WK"	12	1	4	"NO"	30.64	1.892	174.0150209	10.74531395	55.77	7.205	252.5429836	32.62636179	78.52796277	21.88104784	174.5065839	40.52045896	0.09868	0.01955807	0.56043741	0.111076957	0.11823807	0.671514367
"137"	"4WK"	12	2	4	"NO"	27.47	1.438	153.2394347	8.021780381	56.7	7.247	248.2562907	31.73039399	95.01685606	23.70861361	211.148569	43.90484001	0.10544	0.01834707	0.588189516	0.102347821	0.12378707	0.690537337
"138"	"4WK"	12	3	4	"NO"	38.16	3.606	211.6156543	19.99701387	50.18	5.227	230.2798561	23.98710258	18.66420177	3.990088711	41.47600394	7.389053169	0.107	0.10363607	0.593366746	0.574712127	0.21063607	1.168078873
"139"	"4WK"	12	4	4	"NO"	20.82	1.046	110.7435711	5.563774032	44.22	5.241	190.6828259	22.59992516	79.93925484	17.03615113	177.6427885	31.54842802	0.1057	0.01506007	0.562228408	0.080105953	0.12076007	0.642334361
"140"	"4WK"	12	5	4	"NO"	26.18	1.142	144.1781427	6.289206988	43.38	5.047	188.5164459	21.93274556	44.33830324	15.64353858	98.52956275	28.96951588	0.11376	0	0.626497537	0	0.11376	0.626497537
"141"	"4WK"	2	1	1	"LO"	30.49	2.121	169.571866	11.79606191	79.05	7.33	349.6847442	32.4249105	180.1128782	20.62884858	400.2508404	38.20157145	0.12052	0.01644407	0.670278822	0.091454629	0.13696407	0.761733451
"142"	"4WK"	2	2	1	"LO"	28.94	1.554	156.7515384	8.417135129	72.54	4.668	307.0125031	19.75647042	150.2609648	11.3393353	333.913255	20.99876907	0.10492	0	0.568292032	0	0.10492	0.568292032
"143"	"4WK"	2	3	1	"LO"	26.51	1.891	138.7482826	9.897133251	88.03	6.91	354.4601799	27.82369468	215.7118972	17.92656143	479.3597716	33.19733599	0.11298	0.01627107	0.591315767	0.085159676	0.12925107	0.676475443
"144"	"4WK"	2	4	1	"LO"	19.5	1.388	101.8962613	7.252923626	60.02	4.682	251.1357849	19.59043227	149.2395236	12.33750864	331.6433857	22.84723823	0.09686	0.01419507	0.506137019	0.074175619	0.11105507	0.580312638
"145"	"4WK"	2	5	1	"LO"	24.86	1.471	132.5120465	7.840917958	67.44	5.478	287.0435137	23.31590107	154.5314672	15.47498311	343.4032604	28.65737613	0.0979	0	0.521839475	0	0.0979	0.521839475
"146"	"4WK"	3	1	1	"HI"	34.36	1.882	187.7853892	10.28556759	67.9	5.213	302.2471508	23.20492485	114.4617616	12.91935726	254.3594703	23.92473566	0.10024	0.01488707	0.547834907	0.081361299	0.11512707	0.629196206
"147"	"4WK"	3	2	1	"HI"	25.29	1.67	128.610016	8.492634507	66.19	4.876	280.0744851	20.63216784	151.4644691	12.13953333	336.5877092	22.48061728	0.10258	0.01367607	0.521661346	0.069548422	0.11625607	0.591209768
"148"	"4WK"	3	3	1	"HI"	29.09	1.994	155.0034711	10.6248512	80.9	6.546	332.2365959	26.88282765	177.2331248	16.25797645	393.8513884	30.10736379	0.10518	0.01696307	0.560442251	0.090386206	0.12214307	0.650828457
"149"	"4WK"	3	4	1	"HI"	64.01	1.501	330.5617864	7.751495725	82.23	5.902	341.5156855	24.5120464	10.95389908	16.76055068	24.34199795	31.03805681	0.11142	0.01609807	0.575397504	0.083133991	0.12751807	0.658531495
"150"	"4WK"	3	5	1	"HI"	32.39	1.694	169.6366265	8.872011279	100.81	8.067	412.9994888	33.04897209	243.3628623	24.17696081	540.8063606	44.77214964	0.11558	0	0.605328845	0	0.11558	0.605328845
"151"	"4WK"	4	1	2	"NO"	26.66	1.534	144.2516024	8.300148466	60.82	5.072	266.4362487	22.21908342	122.1846463	13.91893495	271.5214362	25.77580547	0.10154	0.01488707	0.549411392	0.080550777	0.11642707	0.629962169
"152"	"4WK"	4	2	2	"NO"	18.17	1.219	96.60173874	6.480876143	61.91	4.866	262.1298984	20.60287652	165.5281596	14.12200038	367.8403547	26.15185255	0.1044	0.01575207	0.555047965	0.08374669	0.12015207	0.638794655
"153"	"4WK"	4	3	2	"NO"	68.46	1.484	367.1283246	7.958200902	52.23	5.239	225.4152801	22.61058113	0	14.65238023	0	27.13403746	0.107	0	0.573805591	0	0.107	0.573805591
"154"	"4WK"	4	4	2	"NO"	17.95	1.301	98.61320467	7.147397174	51.85	5.34	219.5435207	22.61065382	120.930316	15.46325664	268.7340355	28.63566045	0	0.01661707	0	0.091290391	0.01661707	0.091290391
"155"	"4WK"	4	5	2	"NO"	53.55	1.805	283.9331853	9.570483651	62.6	4.821	272.0600429	20.95210011	0	11.38161646	0	21.07706752	0.10284	0	0.545278969	0	0.10284	0.545278969
"156"	"4WK"	5	1	2	"LO"	17.49	1.217	97.89420011	6.811734793	44.51	5.346	213.5120143	25.64446705	115.6178142	18.83273226	256.928476	34.87543011	0	0.01540607	0	0.086230126	0.01540607	0.086230126
"157"	"4WK"	5	2	2	"LO"	16.46	1	88.58591411	5.381890286	36.72	4.248	160.9506999	18.61978685	72.36478582	13.23789657	160.8106352	24.51462327	0	0	0	0	0	0
"158"	"4WK"	5	3	2	"LO"	27.74	1.312	150.3085348	7.109041012	41.67	4.938	181.3401409	21.48926364	31.03160612	14.38022263	68.95912472	26.63004191	0	0.01886607	0	0.102225355	0.01886607	0.102225355
"159"	"4WK"	5	4	2	"LO"	27.4	1.848	152.6807291	10.29759078	55.03	5.906	251.1001864	26.94889516	98.41945728	16.65130438	218.7099051	30.83574886	0.1135	0.02042307	0.632454845	0.113803256	0.13392307	0.746258101
"160"	"4WK"	5	5	2	"LO"	58.4	2.82	310.1963551	14.97865961	74.78	6.391	332.8798651	28.44925405	22.68350999	13.47059444	50.40779999	24.94554525	0	0.02232607	0	0.118586739	0.02232607	0.118586739
"161"	"4WK"	6	1	2	"HI"	17.96	1.388	101.0535971	7.809710068	54.43	6.181	246.8770365	28.03503514	145.8234394	20.22532507	324.0520875	37.45430568	0.09946	0	0.559620867	0	0.09946	0.559620867
"162"	"4WK"	6	2	2	"HI"	33.23	1.371	186.7823366	7.70624687	45.92	4.684	206.5264396	21.06641644	19.74410295	13.36016957	43.87578433	24.74105476	0	0.02163407	0	0.121602833	0.02163407	0.121602833
"163"	"4WK"	6	3	2	"HI"	20.97	1.501	116.0048445	8.303446427	52.11	6.328	233.2165676	28.32075302	117.2117231	20.01730659	260.4704958	37.06908628	0	0.01592507	0	0.088096579	0.01592507	0.088096579
"164"	"4WK"	6	4	2	"HI"	21.28	1.45	119.3478528	8.132255009	51.68	5.474	231.4542359	24.51587631	112.1063831	16.3836213	249.1252958	30.34003944	0	0.01609807	0	0.090285249	0.01609807	0.090285249
"165"	"4WK"	6	5	2	"HI"	35.49	1.683	191.9477019	9.102507248	59.41	5.882	252.9483273	25.04363004	61.00062539	15.9411228	135.5569453	29.52059777	0	0.01575207	0	0.085195087	0.01575207	0.085195087
"166"	"4WK"	7	1	3	"LO"	18.59	1.601	103.9686899	8.953946882	52.28	5.77	230.1062237	25.39619186	126.1375338	16.44224498	280.3056306	30.44860181	0.1291	0.01488707	0.722020326	0.083259234	0.14398707	0.80527956
"167"	"4WK"	7	2	3	"LO"	19.78	1.489	104.5393654	7.869520479	53.17	6.189	224.3142033	26.11022389	119.7748379	18.24070341	266.1663064	33.77908039	0.1525	0	0.805978424	0	0.1525	0.805978424
"168"	"4WK"	7	3	3	"LO"	17.37	1.419	92.73906458	7.576092841	49.13	6.025	208.9692308	25.62669683	116.2301662	18.05060399	258.2892582	33.42704443	0.14496	0	0.773946736	0	0.14496	0.773946736
"169"	"4WK"	7	4	3	"LO"	17.14	1.372	93.23155947	7.462876289	52.39	6.423	224.8058678	27.56113932	131.5743083	20.09826303	292.3873519	37.21900561	0.14574	0.01765507	0.792740226	0.096033239	0.16339507	0.888773465
"170"	"4WK"	7	5	3	"LO"	29.32	2.273	156.326929	12.11906923	63.1	7.938	273.7254531	34.43474876	117.398524	22.31567953	260.885609	41.32533247	0.12468	0	0.664762671	0	0.12468	0.664762671
"171"	"4WK"	8	1	3	"NO"	67.69	1.38	369.0303275	7.52344293	57.89	5.682	253.5019524	24.8816392	0	17.35819627	0	32.14480792	0	0	0	0	0	0
"172"	"4WK"	8	2	3	"NO"	119.65	1.593	646.2584121	8.604175934	81.85	7.34	347.4033262	31.15382302	0	22.54964708	0	41.75860571	0.10128	0.01800107	0.547037626	0.097228106	0.11928107	0.644265732
"173"	"4WK"	8	3	3	"NO"	22.05	1.752	121.5126822	9.654885222	54.07	6.237	237.1044552	27.35011072	115.591773	17.6952255	256.8706067	32.76893611	0.13456	0.01557907	0.741530454	0.085852815	0.15013907	0.827383269
"174"	"4WK"	8	4	3	"NO"	9.15	1.089	48.75630095	5.802799097	57.79	5.72	243.5724819	24.10857582	194.8161809	18.30577672	432.9248465	33.89958652	0.19592	0	1.043970982	0	0.19592	1.043970982
"175"	"4WK"	8	5	3	"NO"	12.14	1.094	73.75431382	6.646393684	41.97	5.251	213.8549778	26.75607549	140.1006639	20.1096818	311.3348087	37.24015149	0.15406	0	0.935962898	0	0.15406	0.935962898
"176"	"4WK"	9	1	3	"HI"	35.91	2.851	211.0380145	16.75492563	66.33	8.62	306.5262328	39.83500869	95.48821826	23.08008306	212.1960406	42.74089456	0.14548	0.02059607	0.854965479	0.121040204	0.16607607	0.976005683
"177"	"4WK"	9	2	3	"HI"	22.98	1.694	124.2849181	9.161821206	51.03	6.185	221.1578695	26.80504454	96.87295138	17.64322333	215.2732253	32.6726358	0.14002	0.01730907	0.757283474	0.093614288	0.15732907	0.850897762
"178"	"4WK"	9	3	3	"HI"	16.64	1.377	87.05784568	7.204246004	43.89	5.686	182.7056577	23.66972818	95.64781201	16.46548217	212.5506933	30.49163365	0.14184	0.01471407	0.742084425	0.076981685	0.15655407	0.81906611
"179"	"4WK"	9	4	3	"HI"	18.64	1.378	98.95388586	7.315367742	43.31	6.661	180.4972699	27.76015504	81.54338406	20.4447873	181.2075201	37.86071722	0.13482	0.01852007	0.715716893	0.098317215	0.15334007	0.814034108
"180"	"4WK"	9	5	3	"HI"	21.3	1.35	114.6305305	7.265315315	45.69	5.597	196.2762789	24.04373677	81.64574841	16.77842146	181.4349965	31.07115085	0.1356	0	0.729760561	0	0.1356	0.729760561
"181"	"PRE"	1	1	1	"NO"	77.37	3.456	401.7875184	17.94723618	47.44	2.847	389.653431	23.38413402	0	5.43689784	0	10.06832933	0	0.04498907	0	0.233631211	0.04498907	0.233631211
"182"	"PRE"	1	2	1	"NO"	49.13	3.057	257.0973994	15.99728781	75.14	6.956	326.0120167	30.18019148	68.91461724	14.18290367	153.1435939	26.26463643	0.09816	0.04654607	0.513671499	0.243575688	0.14470607	0.757247187
"183"	"PRE"	1	3	1	"NO"	60.33	2.736	297.4962446	13.49162482	69.04	5.163	286.9633252	21.4599022	0	7.968277382	0	14.75606923	0.09842	0.03651207	0.485323726	0.180046473	0.13493207	0.665370199
"184"	"PRE"	1	4	1	"NO"	60.11	2.764	312.3728778	14.36364389	84.28	6.589	339.1875847	26.51764351	26.81470681	12.15399962	59.58823735	22.5074067	0.0979	0.04360507	0.508755694	0.226601917	0.14150507	0.735357611
"185"	"PRE"	1	5	1	"NO"	60.23	3.151	308.198564	16.12375353	64.22	4.266	260.8757224	17.32942746	0	1.20567393	0	2.2327295	0.09842	0.04481607	0.503617843	0.229325061	0.14323607	0.732942904
"186"	"PRE"	10	1	4	"HI"	47.46	2.504	245.7393908	12.96526411	89.69	6.861	369.2024572	28.24281479	123.4630664	15.27755069	274.3623698	28.29176053	0.09868	0.04550807	0.510947389	0.235632646	0.14418807	0.746580035
"187"	"PRE"	10	2	4	"HI"	58.48	3.679	313.8149539	19.74222325	78.68	6.94	347.1980086	30.62473538	33.38305469	10.88251213	74.18456597	20.15280025	0.09894	0.04654607	0.530931114	0.249775185	0.14548607	0.780706299
"188"	"PRE"	10	3	4	"HI"	74.2	3.738	387.3197356	19.51214517	89.57	5.956	356.5465861	23.70873581	0	4.19659064	0	7.771464149	0.10414	0.04360507	0.543604815	0.227615959	0.14774507	0.771220774
"189"	"PRE"	10	4	4	"HI"	89.9	3.764	471.4289915	19.73813931	98.01	5.712	414.7725057	24.17284514	0	4.434705834	0	8.212418211	0.09686	0.02422907	0.50792672	0.127055462	0.12108907	0.634982182
"190"	"PRE"	10	5	4	"HI"	91.28	4.168	478.0944246	21.83060431	108.01	7.613	432.8845005	30.51152395	0	8.680919641	0	16.07577711	0.0979	0.03547407	0.512767793	0.185801436	0.13337407	0.698569229
"191"	"PRE"	11	1	4	"LO"	63.79	3.656	327.5140995	18.77083474	78.14	7.011	333.5199402	29.92460073	6.005840687	11.15376599	13.34631264	20.65512221	0.09842	0.04308607	0.505313336	0.221214852	0.14150607	0.726528188
"192"	"PRE"	11	2	4	"LO"	62.75	3.11	326.0180008	16.15802362	83.75	6.023	357.5107763	25.7108944	31.49277551	9.552870771	69.98394557	17.69050143	0	0.04014507	0	0.208573952	0.04014507	0.208573952
"193"	"PRE"	11	3	4	"LO"	56.74	3.406	300.72576	18.05202571	87.09	6.702	376.4655584	28.97085971	75.73979833	10.918834	168.310663	20.22006297	0	0.04152907	0	0.220106823	0.04152907	0.220106823
"194"	"PRE"	11	4	4	"LO"	42.03	2.372	222.7157193	12.56915741	55.7	4.961	230.3463997	20.51613086	7.630680445	7.946973447	16.95706765	14.71661749	0	0.03391707	0	0.179725545	0.03391707	0.179725545
"195"	"PRE"	11	5	4	"LO"	39.29	2.362	205.2855092	12.341165	56.32	4.716	235.1813673	19.69309886	29.89585803	7.351933865	66.43524007	13.61469234	0.09842	0.03582007	0.514232625	0.187155544	0.13424007	0.701388169
"196"	"PRE"	12	1	4	"NO"	54.94	3.279	282.6311131	16.86835493	72.82	5.851	310.5656492	24.95357887	27.93453609	8.085223941	62.07674686	14.97263693	0.09816	0.03651207	0.504970332	0.187831216	0.13467207	0.692801548
"197"	"PRE"	12	2	4	"NO"	43.12	2.482	232.8417507	13.40244029	60.58	5.591	254.9674359	23.53124685	22.1256852	10.12880656	49.16818933	18.75704919	0.09738	0.03512807	0.525837887	0.189686487	0.13250807	0.715524374
"198"	"PRE"	12	3	4	"NO"	53.39	2.923	282.9589155	15.49145739	71.83	6.279	287.5681288	25.13769011	4.60921329	9.646232722	10.2426962	17.86339393	0.09738	0.04948707	0.516099254	0.262273978	0.14686707	0.778373232
"199"	"PRE"	12	4	4	"NO"	77.74	3.972	408.3175744	20.86232835	96.19	8.218	410.5190969	35.07273042	2.201522511	14.21040207	4.892272246	26.31555939	0	0.04014507	0	0.210855899	0.04014507	0.210855899
"200"	"PRE"	12	5	4	"NO"	46.47	3.537	243.4146313	18.52716916	83.14	8.768	339.8339401	35.83911459	96.41930885	17.31194543	214.2651308	32.05915821	0.1005	0.05900207	0.526429319	0.309058901	0.15950207	0.83548822
"201"	"PRE"	2	1	1	"LO"	30.32	1.998	160.5458041	10.57950253	63.88	5.611	278.102397	24.42756026	117.5565929	13.84805774	261.2368731	25.64455136	0.09998	0.03876107	0.52939873	0.205241661	0.13874107	0.734640391
"202"	"PRE"	2	2	1	"LO"	47.52	2.788	252.1565471	14.79403311	92.97	8.988	382.7748436	37.00527368	130.6182965	22.21124057	290.2628811	41.13192698	0.0992	0.05502307	0.526387405	0.291970272	0.15422307	0.818357677
"203"	"PRE"	2	3	1	"LO"	46.98	2.722	234.8047376	13.60448054	79.38	6.003	316.5738611	23.94044959	81.76912347	10.33596905	181.7091633	19.14068342	0	0.05017907	0	0.250793601	0.05017907	0.250793601
"204"	"PRE"	2	4	1	"LO"	39.92	2.205	203.8729822	11.26102018	84.26	6.29	345.9696788	25.82659957	142.0966966	14.56557938	315.7704368	26.97329515	0.09842	0.04983307	0.502634742	0.254499414	0.14825307	0.757134156
"205"	"PRE"	2	5	1	"LO"	49.6	2.771	254.4538084	14.2155545	69.66	6.051	299.7433846	26.03714069	45.28957617	11.82158619	100.6435026	21.89182627	0.09686	0.04222107	0.496903143	0.216599033	0.13908107	0.713502176
"206"	"PRE"	3	1	1	"HI"	44.91	3.426	233.2387746	17.79283103	74.19	8.021	307.0863607	33.20042727	73.8475861	15.40759623	164.1057469	28.53258562	0.11038	0.05519607	0.573255309	0.286659179	0.16557607	0.859914488
"207"	"PRE"	3	2	1	"HI"	48.52	2.417	246.7415246	12.29130802	80.63	7.54	312.2320336	29.19793542	65.49050899	16.90662741	145.5344644	31.30856927	0.09738	0.04896807	0.495212071	0.249020121	0.14634807	0.744232192
"208"	"PRE"	3	3	1	"HI"	45.88	3.176	245.1036752	16.9670722	76.2	8.354	338.4132071	37.10110147	93.30953193	20.13402928	207.3545154	37.2852394	0.10466	0.05831007	0.559122726	0.311508554	0.16297007	0.87063128
"209"	"PRE"	3	4	1	"HI"	54.56	3.57	279.8845472	18.31356	78.08	7.469	319.6786865	30.57991944	39.79413929	12.26635944	88.43142065	22.71548044	0.09972	0.05692607	0.511548516	0.292022128	0.15664607	0.803570644
"210"	"PRE"	3	5	1	"HI"	82.68	3.21	456.1763853	17.71076677	109.61	7.4	491.1526423	33.15874056	34.97625699	15.44797379	77.72501553	28.60735887	0	0.03339807	0	0.184269604	0.03339807	0.184269604
"211"	"PRE"	4	1	2	"NO"	72.07	2.906	383.647007	15.4693798	62.85	6.126	278.2098542	27.11716097	0	11.64778117	0	21.56996512	0	0.04308607	0	0.229358149	0.04308607	0.229358149
"212"	"PRE"	4	2	2	"NO"	50.27	2.251	270.8653431	12.12886189	63.22	5.154	272.1380316	22.18600783	1.272688527	10.05714594	2.828196726	18.62434433	0	0.04083707	0	0.22003873	0.04083707	0.22003873
"213"	"PRE"	4	3	2	"NO"	48.14	2.822	252.8366595	14.82145935	74.11	7.219	295.2910584	28.76408245	42.45439884	13.9426231	94.34310853	25.8196724	0.10154	0.05398507	0.533299427	0.28353562	0.15552507	0.816835047
"214"	"PRE"	4	4	2	"NO"	47.63	2.523	257.0064906	13.61384371	62.26	5.736	271.0553773	24.97227183	14.04888669	11.35842812	31.2197482	21.03412615	0	0.04931407	0	0.266093556	0.04931407	0.266093556
"215"	"PRE"	4	5	2	"NO"	65.11	2.219	348.6541863	11.88240884	92.29	6.5	407.0110206	28.66585366	58.35683429	16.78344482	129.681854	31.08045337	0.0992	0.03703107	0.531200972	0.19829577	0.13623107	0.729496742
"216"	"PRE"	5	1	2	"LO"	60.22	3.612	319.8613706	19.18530838	104.51	7.483	452.4122206	32.39307862	132.5508501	13.20777025	294.5574446	24.45883379	0.09764	0.05035207	0.518619466	0.267447395	0.14799207	0.786066861
"217"	"PRE"	5	2	2	"LO"	57.6	2.477	297.4018563	12.78931247	129.81	8.962	557.8043161	38.51045591	260.4024599	25.72114344	578.672133	47.63174711	0.09868	0.04827607	0.509507208	0.249260292	0.14695607	0.7587675
"218"	"PRE"	5	3	2	"LO"	46.53	3.414	243.0043488	17.82971947	124.71	11.34	530.7095999	48.25793331	287.7052511	30.42821384	639.3450025	56.34854415	0.0979	0.09429407	0.511285746	0.492453666	0.19219407	1.003739412
"219"	"PRE"	5	4	2	"LO"	80.57	3.371	432.6726327	18.10276089	136.11	9.92	555.1786874	40.46265946	122.5060548	22.35989857	272.2356773	41.40721958	0.09686	0.04931407	0.520152305	0.264823737	0.14617407	0.784976042
"220"	"PRE"	5	5	2	"LO"	32.79	1.739	167.6876295	8.893223168	88.33	7.398	369.1964223	30.92171552	201.5087928	22.02849235	447.7973173	40.79350436	0.1018	0.03703107	0.520603863	0.189376406	0.13883107	0.709980269
"221"	"PRE"	6	1	2	"HI"	59.63	2.452	310.6846451	12.77542763	130.81	8.875	553.0049762	37.5194493	242.3203311	24.74402167	538.4896247	45.82226235	0	0.04291307	0	0.223585979	0.04291307	0.223585979
"222"	"PRE"	6	2	2	"HI"	39.38	1.513	201.1324325	7.727612249	83.72	6.504	336.7836514	26.16388997	135.6512189	18.43627772	301.4471531	34.14125505	0.09816	0.03703107	0.501349913	0.189135327	0.13519107	0.69048524
"223"	"PRE"	6	3	2	"HI"	43.21	1.98	221.3543164	10.14305824	87.38	6.803	360.8162362	28.09147236	139.4619198	17.94841412	309.9153774	33.23780393	0.10128	0.04550807	0.518832797	0.23312677	0.14678807	0.751959567
"224"	"PRE"	6	4	2	"HI"	65.92	2.51	347.1357722	13.21770006	115.01	7.507	498.4507796	32.53517088	151.3150075	19.31747082	336.2555722	35.7730941	0	0.03772307	0	0.198650289	0.03772307	0.198650289
"225"	"PRE"	6	5	2	"HI"	62.19	2.978	340.7696803	16.31793066	150.81	12.15	627.8856037	50.58557181	287.1159234	34.26764115	638.0353853	63.45859472	0.09764	0.04689207	0.535017713	0.256944777	0.14453207	0.79196249
"226"	"PRE"	7	1	3	"LO"	45.48	2.26	245.3020791	12.1895932	115.21	9.37	475.7738707	38.69456791	230.4717916	26.50497471	512.159537	49.0832865	0.10284	0.05052507	0.554680427	0.272513296	0.15336507	0.827193723
"227"	"PRE"	7	2	3	"LO"	136.75	3.235	718.4893902	16.99680568	83.65	5.946	352.4358894	25.05180871	0	8.055003023	0	14.91667227	0	0.07266907	0	0.381805892	0.07266907	0.381805892
"228"	"PRE"	7	3	3	"LO"	44.7	1.875	231.2241059	9.698997732	92.35	7.148	368.4969112	28.52209985	137.2728053	18.82310212	305.0506784	34.85759652	0.09686	0.05000607	0.501037291	0.258671338	0.14686607	0.759708629
"229"	"PRE"	7	4	3	"LO"	100.85	2.537	533.0370026	13.4091708	103.01	6.667	427.3302697	27.65761487	0	14.24844407	0	26.38600754	0	0.07076607	0	0.374030083	0.07076607	0.374030083
"230"	"PRE"	7	5	3	"LO"	40.13	1.602	212.6871491	8.490526113	77.65	6.045	335.1314484	26.08975667	122.4442993	17.59923056	272.0984428	32.5911677	0.09764	0.03755007	0.517487497	0.199013639	0.13519007	0.716501136
"231"	"PRE"	8	1	3	"NO"	76.51	2.194	406.8548341	11.66696518	121.31	7.356	497.3264044	30.15689581	90.4715703	18.48993063	201.047934	34.24061228	0	0.04083707	0	0.21715801	0.04083707	0.21715801
"232"	"PRE"	8	2	3	"NO"	52.02	2.418	272.5740392	12.66981981	102.01	7.722	47.34620942	3.584035184	0	0	0	0	0.09972	0.04256707	0.522512172	0.223042641	0.14228707	0.745554813
"233"	"PRE"	8	3	3	"NO"	38.82	2.022	209.5028117	10.91227937	79.95	7.126	347.2571232	30.9512728	137.7543115	20.03899342	306.1206922	37.10924708	0	0.04135607	0	0.223189411	0.04135607	0.223189411
"234"	"PRE"	8	4	3	"NO"	62.69	2.338	280.135448	10.4475463	71.66	6.623	250.0541785	23.11064505	0	12.66309875	0	23.45018288	0.09764	0.04775707	0.436312413	0.213406416	0.14539707	0.649718829
"235"	"PRE"	8	5	3	"NO"	19.87	1.349	127.4565203	8.653188014	81.59	6.548	394.8709617	31.69034266	267.4144415	23.03715464	594.2543143	42.66139749	0.11064	0.04689207	0.709702537	0.300790139	0.15753207	1.010492676
"236"	"PRE"	9	1	3	"HI"	53.66	3.327	284.8662296	17.66213093	84.34	7.639	344.4401104	31.19727298	59.57388081	13.53514205	132.3864018	25.06507787	0.107	0.04498907	0.568033667	0.238834639	0.15198907	0.806868306
"237"	"PRE"	9	2	3	"HI"	49.27	2.982	257.6371009	15.59313649	84.01	7.017	332.3509573	27.75986987	74.71385642	12.16673338	166.030792	22.53098774	0	0.04101007	0	0.214445211	0.04101007	0.214445211
"238"	"PRE"	9	3	3	"HI"	39.71	2.432	206.2178	12.62960689	76.82	7.243	329.8499378	31.10001431	123.6321378	18.47040742	274.7380841	34.20445819	0.09998	0.03772307	0.519205632	0.195899484	0.13770307	0.715105116
"239"	"PRE"	9	4	3	"HI"	42.78	3.003	223.9358332	15.7194789	74.35	7.035	325.7680293	30.82418408	101.8321961	15.10470518	226.2937691	27.97167626	0.1057	0.04498907	0.553296343	0.235499413	0.15068907	0.788795756
"240"	"PRE"	9	5	3	"HI"	31.64	2.106	188.4593994	12.54410541	53.85	5.484	269.3769933	27.4329328	80.91759391	14.88882739	179.8168753	27.57190258	0.10024	0.03080307	0.597066062	0.183474339	0.13104307	0.780540401
