"GrazeTime"	"Block"	"Treatment"	"Plot"	"Sample"	"SampDate"	"NO3_t0Nmin_ppm"	"NH4_t0Nmin_ppm"	"NPOC_t0Nmin_ppm"	"DON_t0Nmin_ppm"	"NO3_t0Nmin_mgg"	"NH4_t0Nmin_mgg"	"NPOC_t0Nmin_mgg"	"DON_t0Nmin_mgg"	"NPOC_mbc_ppm"	"DON_mbc_ppm"	"DOC_mbc_mgg"	"DON_mbc_mgg"	"chl_labile_C_mgg"	"chl_labile_N_mgg"	"mbc_mgg"	"mbn_mgg"	"minN_mgg"
"PRE"	1	"NO"	1	1	2017-07-03	0	0.22	77.37	3.456	0	1.142474526	401.7875184	17.94723618	47.44	2.847	389.653431	23.38413402	0	5.43689784	0	10.06832933	1.132088394
"24H"	1	"NO"	1	1	2017-07-11	0.047	0.188	34.71	2.79	0.231906233	0.927624931	171.2652201	13.76634872	49.65	5.056	213.9468901	21.78681724	42.68167001	8.020468527	94.84815558	14.8527195	1.159531164
"1WK"	1	"NO"	1	1	2017-07-17	0.071	0.254	41.21	3.711	0.364445009	1.303789187	211.5320961	19.04866801	119.41	6.524	522.7974222	28.56318887	311.2653262	9.514520861	691.7007248	17.61948308	1.668234196
"4WK"	1	"NO"	1	1	2017-08-07	0.038	0.092	29.94	1.861	0.194048961	0.469802747	152.8901549	9.503292528	47.42	4.549	196.9843019	18.89670159	44.09414701	9.393409063	97.98699336	17.39520197	0.663851708
"PRE"	1	"NO"	1	2	2017-07-03	0.006	0.229	49.13	3.057	0.031398013	1.19835751	257.0973994	15.99728781	75.14	6.956	326.0120167	30.18019148	68.91461724	14.18290367	153.1435939	26.26463643	1.229755523
"24H"	1	"NO"	1	2	2017-07-11	0.013	0.101	35.37	2.647	0.067412322	0.523741888	183.4133722	13.72618593	63.96	6.114	273.7953052	26.17236547	90.38193294	12.44617955	200.8487399	23.04848064	0.59115421
"1WK"	1	"NO"	1	2	2017-07-17	0.029	0.121	35.8	2.478	0.144724008	0.603848448	178.6592929	12.36641698	120.51	5.613	491.6378195	22.8990381	312.9785267	10.53262112	695.507837	19.50485393	0.748572456
"4WK"	1	"NO"	1	2	2017-08-07	0.112	0.065	69.16	1.654	0.583791761	0.338807719	360.4914127	8.621353333	46.46	3.66	191.0936187	15.05386665	0	6.432513314	0	11.91206169	0.92259948
"PRE"	1	"NO"	1	3	2017-07-03	0.007	0.171	60.33	2.736	0.034518046	0.843226551	297.4962446	13.49162482	69.04	5.163	286.9633252	21.4599022	0	7.968277382	0	14.75606923	0.877744597
"24H"	1	"NO"	1	3	2017-07-11	0.024	0.066	64.35	2.03	0.12111904	0.333077361	324.7504268	10.24465216	49.31	4.175	208.6055862	17.66230627	0	7.417654115	0	13.73639651	0.454196401
"1WK"	1	"NO"	1	3	2017-07-17	0.053	0.115	35.01	2.307	0.267423153	0.580257785	176.6506526	11.64047574	116.91	5.756	492.6596523	24.25582892	316.0089996	12.61535318	702.2422214	23.36176514	0.847680938
"4WK"	1	"NO"	1	3	2017-08-07	0.015	0.036	37.46	1.907	0.078759719	0.189023325	196.6892706	10.01298556	62.19	4.916	264.8584324	20.93655015	68.16916179	10.92356459	151.4870262	20.22882331	0.267783044
"PRE"	1	"NO"	1	4	2017-07-03	0.005	0.212	60.11	2.764	0.025983437	1.101697723	312.3728778	14.36364389	84.28	6.589	339.1875847	26.51764351	26.81470681	12.15399962	59.58823735	22.5074067	1.12768116
"24H"	1	"NO"	1	4	2017-07-11	0.022	0.1	42.21	2.543	0.111502651	0.506830231	213.9330404	12.88869277	48.18	4.641	198.0533719	19.07774386	0	6.189051092	0	11.46120573	0.618332882
"1WK"	1	"NO"	1	4	2017-07-17	0.031	0.108	99.35	1.992	0.156371723	0.544778904	501.1461495	10.04814423	137.21	5.585	574.5305821	23.38571023	73.38443268	13.337566	163.0765171	24.69919629	0.701150627
"4WK"	1	"NO"	1	4	2017-08-07	0.019	0.035	54.35	1.437	0.097277483	0.179195364	278.2648012	7.357249666	82.86	5.766	351.2322648	24.44128939	72.96746356	17.08403972	162.149919	31.6371106	0.276472847
"PRE"	1	"NO"	1	5	2017-07-03	0.007	0.219	60.23	3.151	0.035819192	1.120629014	308.198564	16.12375353	64.22	4.266	260.8757224	17.32942746	0	1.20567393	0	2.2327295	1.156448206
"24H"	1	"NO"	1	5	2017-07-11	0.01	0.07	39.84	2.613	0.051778071	0.362446495	206.283834	13.52960989	66.2	5.401	282.5978931	23.05606073	76.31405914	9.526450842	169.5867981	17.64157563	0.414224566
"1WK"	1	"NO"	1	5	2017-07-17	0.005	0.233	58.4	2.965	0.025874378	1.205746035	302.2127402	15.34350642	129.41	5.369	557.0192055	23.10977602	254.8064653	7.7662696	566.2365895	14.38198074	1.231620413
"4WK"	1	"NO"	1	5	2017-08-07	0.075	0.065	37.7	2.17	0.439680159	0.381056138	221.01256	12.7214126	89.05	7.548	427.7107141	36.25334609	206.6981541	23.53193349	459.3292313	43.57765461	0.820736297
"PRE"	4	"HI"	10	1	2017-07-05	0.008	0.223	47.46	2.504	0.041422569	1.154654112	245.7393908	12.96526411	89.69	6.861	369.2024572	28.24281479	123.4630664	15.27755069	274.3623698	28.29176053	1.196076681
"24H"	4	"HI"	10	1	2017-07-14	0.022	0.086	32.59	2.405	0.109730021	0.428944629	162.5500636	11.99548643	44.65	4.209	186.4482415	17.57582639	23.89817792	5.580339959	53.10706206	10.33396289	0.53867465
"1WK"	4	"HI"	10	1	2017-07-20	0.016	0.138	34.36	1.71	0.081615658	0.703935049	175.2696253	8.722673438	59.7	3.704	252.2762639	15.65211527	77.00663857	6.92944183	171.1258635	12.83229969	0.785550707
"4WK"	4	"HI"	10	1	2017-08-10	0.049	0.083	35.79	2.131	0.266994501	0.452255991	195.0149629	11.61153635	66.41	8.073	291.206727	35.39996849	96.19176406	23.78843213	213.7594757	44.0526521	0.719250492
"PRE"	4	"HI"	10	2	2017-07-05	0.009	0.229	58.48	3.679	0.048295735	1.228858147	313.8149539	19.74222325	78.68	6.94	347.1980086	30.62473538	33.38305469	10.88251213	74.18456597	20.15280025	1.277153882
"24H"	4	"HI"	10	2	2017-07-14	0.055	0.092	30.55	2.162	0.27531541	0.460527594	152.9251957	10.82239847	48.31	4.425	203.5440797	18.64381189	50.61888395	7.821413426	112.4864088	14.48409894	0.735843004
"1WK"	4	"HI"	10	2	2017-07-20	0.016	0.139	47.05	1.894	0.079374548	0.689566389	233.4107812	9.395962158	72.39	3.514	300.4205404	14.58319905	67.00975927	5.18723689	148.9105762	9.605994241	0.768940937
"4WK"	4	"HI"	10	2	2017-08-10	0.076	0.104	24.33	2.026	0.432876703	0.592357594	138.5775024	11.53958158	62.13	8.495	287.7707525	39.34673333	149.19325	27.80715175	331.5405556	51.49472547	1.025234297
"PRE"	4	"HI"	10	3	2017-07-05	0.029	0.212	74.2	3.738	0.151378333	1.106627816	387.3197356	19.51214517	89.57	5.956	356.5465861	23.70873581	0	4.19659064	0	7.771464149	1.258006149
"24H"	4	"HI"	10	3	2017-07-14	0.014	0.138	52.4	3.497	0.069618127	0.686235822	260.5707033	17.38961354	70.13	5.952	304.7271362	25.86248274	44.15643289	8.472869203	98.12540643	15.69049852	0.755853949
"1WK"	4	"HI"	10	3	2017-07-20	0.068	0.158	80.82	2.317	0.358867475	0.833839133	426.5245488	12.22788146	64.52	3.132	276.493842	13.42186474	0	1.193983282	0	2.211080152	1.192706608
"4WK"	4	"HI"	10	3	2017-08-10	0.052	0.065	21.95	1.58	0.291700685	0.364625857	123.1313469	8.863213128	52.91	7.293	236.2503129	32.56423231	113.1189659	23.70101919	251.3754798	43.89077627	0.656326542
"PRE"	4	"HI"	10	4	2017-07-05	0.001	0.1	89.9	3.764	0.005243926	0.524392649	471.4289915	19.73813931	98.01	5.712	414.7725057	24.17284514	0	4.434705834	0	8.212418211	0.529636575
"24H"	4	"HI"	10	4	2017-07-14	0.024	0.105	35.31	2.222	0.118489951	0.518393538	174.3283411	10.97019468	49.07	5.449	206.3926941	22.91896862	32.06435298	11.94877395	71.25411774	22.12735916	0.636883489
"1WK"	4	"HI"	10	4	2017-07-20	0.112	0.148	89.64	3.042	0.562883369	0.743810166	450.5077249	15.28831436	69.86	3.739	293.0791351	15.68598463	0	0.39767027	0	0.736426426	1.306693535
"4WK"	4	"HI"	10	4	2017-08-10	0.007	0.114	98.05	2.513	0.040185872	0.654455628	562.8892487	14.42672802	66.63	6.16	307.1430429	28.39563476	0	13.96890675	0	25.86834583	0.6946415
"PRE"	4	"HI"	10	5	2017-07-05	0.005	0.165	91.28	4.168	0.026188345	0.864215382	478.0944246	21.83060431	108.01	7.613	432.8845005	30.51152395	0	8.680919641	0	16.07577711	0.890403727
"24H"	4	"HI"	10	5	2017-07-14	0.005	0.092	32.86	1.42	0.025904721	0.476646865	170.245826	7.356940744	30.89	3.308	138.2332053	14.80334876	0	7.446408013	0	13.78964447	0.502551586
"1WK"	4	"HI"	10	5	2017-07-20	0.012	0.154	109.95	2.776	0.062147121	0.797554725	569.4229998	14.37670075	54.16	2.978	238.0451279	13.08896586	0	0	0	0	0.859701846
"4WK"	4	"HI"	10	5	2017-08-10	0.012	0.099	104.25	4.394	0.067707572	0.558587472	588.209535	24.79225608	109.11	9.49	507.8485924	44.17086556	0	19.37860948	0	35.88631385	0.626295044
"PRE"	4	"LO"	11	1	2017-07-05	0.007	0.209	63.79	3.656	0.035939782	1.073059207	327.5140995	18.77083474	78.14	7.011	333.5199402	29.92460073	6.005840687	11.15376599	13.34631264	20.65512221	1.108998989
"24H"	4	"LO"	11	1	2017-07-14	0.018	0.159	118.05	3.878	0.092266149	0.815017648	605.1121597	19.87822919	77.46	7.314	323.6371415	30.5587665	0	10.68053731	0	19.7787728	0.907283797
"1WK"	4	"LO"	11	1	2017-07-20	0.056	0.181	61.3	2.095	0.284725288	0.920272806	311.6725029	10.65177641	47.02	3.894	200.1410402	16.57484497	0	5.923068567	0	10.96864549	1.204998094
"4WK"	4	"LO"	11	1	2017-08-10	0.083	0.057	34.3	2.297	0.493871745	0.339164934	204.0939863	13.6677518	50.2	6.496	239.4562458	30.98621061	35.36225949	17.31845882	78.58279887	32.07122003	0.833036679
"PRE"	4	"LO"	11	2	2017-07-05	0	0.192	62.75	3.11	0	0.99753715	326.0180008	16.15802362	83.75	6.023	357.5107763	25.7108944	31.49277551	9.552870771	69.98394557	17.69050143	0.992341644
"24H"	4	"LO"	11	2	2017-07-14	0.074	0.18	72.17	3.964	0.359872263	0.875364964	350.972719	19.27748175	76.61	7.792	321.015173	32.65044025	0	13.3729585	0	24.76473796	1.235237227
"1WK"	4	"LO"	11	2	2017-07-20	0.071	0.155	44.24	1.805	0.359698294	0.785256838	224.1275001	9.144442532	76.4	3.729	326.228278	15.92284357	102.1007779	6.778401035	226.8906176	12.55259451	1.144955132
"4WK"	4	"LO"	11	2	2017-08-10	0.031	0.047	31.57	1.336	0.171776874	0.260435906	174.935352	7.403029151	46.34	4.928	208.1782773	22.13859626	33.24292527	14.73556711	73.87316727	27.28808723	0.43221278
"PRE"	4	"LO"	11	3	2017-07-05	0	0.2	56.74	3.406	0	1.060013254	300.72576	18.05202571	87.09	6.702	376.4655584	28.97085971	75.73979833	10.918834	168.310663	20.22006297	1.038812989
"24H"	4	"LO"	11	3	2017-07-14	0.04	0.134	60.02	2.579	0.196077384	0.656859237	294.2141152	12.64208935	55.33	5.722	232.0826899	24.00103293	0	11.35894357	0	21.03508069	0.852936621
"1WK"	4	"LO"	11	3	2017-07-20	0.044	0.152	65.94	2.184	0.219698915	0.758959887	329.2487826	10.90505522	49.13	3.401	207.6618869	14.37529162	0	3.4702364	0	6.426363704	0.978658802
"4WK"	4	"LO"	11	3	2017-08-10	0.005	0.064	65.86	1.376	0.026917904	0.344549169	354.562629	7.407807129	44.81	5.605	194.8044246	24.36685561	0	16.95904848	0	31.40564534	0.371467073
"PRE"	4	"LO"	11	4	2017-07-05	0	0.156	42.03	2.372	0	0.826639358	222.7157193	12.56915741	55.7	4.961	230.3463997	20.51613086	7.630680445	7.946973447	16.95706765	14.71661749	0.805443477
"24H"	4	"LO"	11	4	2017-07-14	0.045	0.144	47.23	3.211	0.220115339	0.704369084	231.0232767	15.70645229	72.64	7.275	306.557325	30.702155	75.53404828	14.99570272	167.8534406	27.76981984	0.924484423
"1WK"	4	"LO"	11	4	2017-07-20	0.072	0.12	26.18	1.68	0.373197534	0.62199589	135.6987699	8.707942455	48.7	3.236	210.0299266	13.95599266	74.33115663	5.248050201	165.1803481	9.718611483	0.995193424
"4WK"	4	"LO"	11	4	2017-08-10	0	0.081	45.65	1.879	0	0.447593268	252.2547247	10.38305866	64.51	6.372	284.7009876	28.12144928	32.44626289	17.73839062	72.10280641	32.84887152	0.447593268
"PRE"	4	"LO"	11	5	2017-07-05	0.007	0.166	39.29	2.362	0.036574155	0.86732997	205.2855092	12.341165	56.32	4.716	235.1813673	19.69309886	29.89585803	7.351933865	66.43524007	13.61469234	0.903904125
"24H"	4	"LO"	11	5	2017-07-14	0.024	0.103	32.26	2.045	0.121144632	0.519912377	162.8385757	10.32253215	55.09	5.415	243.1788031	23.90294462	80.34022746	13.58041247	178.5338388	25.14891197	0.641057009
"1WK"	4	"LO"	11	5	2017-07-20	0.056	0.151	26.57	1.38	0.287907134	0.776321023	136.6016529	7.094854382	40.57	2.998	174.4651408	12.89244496	37.86348791	5.797590577	84.14108424	10.73627885	1.064228157
"4WK"	4	"LO"	11	5	2017-08-10	0.037	0.024	20	1.078	0.216289056	0.140295604	116.9130033	6.30161088	41.15	5.023	185.7048338	22.66817449	68.79183049	16.36656361	152.8707344	30.30845113	0.35658466
"PRE"	4	"NO"	12	1	2017-07-05	0.006	0.171	54.94	3.279	0.030866157	0.879685481	282.6311131	16.86835493	72.82	5.851	310.5656492	24.95357887	27.93453609	8.085223941	62.07674686	14.97263693	0.910551638
"24H"	4	"NO"	12	1	2017-07-14	0.045	0.091	55.24	2.957	0.222750692	0.4504514	273.4388496	14.63719548	55.52	4.189	234.8463576	17.71922536	0	3.082029886	0	5.707462752	0.673202092
"1WK"	4	"NO"	12	1	2017-07-20	0.042	0.155	49	2.052	0.212538619	0.784368712	247.9617218	10.38402966	57.41	3.896	253.8862368	17.22941611	5.924515007	6.84538645	13.1655889	12.67664157	0.996907331
"4WK"	4	"NO"	12	1	2017-08-10	0.008	0.073	30.64	1.892	0.045434731	0.414591923	174.0150209	10.74531395	55.77	7.205	252.5429836	32.62636179	78.52796277	21.88104784	174.5065839	40.52045896	0.460026654
"PRE"	4	"NO"	12	2	2017-07-05	0.003	0.162	43.12	2.482	0.016199565	0.874776522	232.8417507	13.40244029	60.58	5.591	254.9674359	23.53124685	22.1256852	10.12880656	49.16818933	18.75704919	0.890976087
"24H"	4	"NO"	12	2	2017-07-14	0.045	0.134	43.72	2.479	0.222680345	0.663092583	216.3463262	12.26721278	65.19	7.122	269.7560219	29.47081436	53.40969565	17.20360158	118.6882126	31.85852144	0.885772928
"1WK"	4	"NO"	12	2	2017-07-20	0.008	0.136	183.05	2.34	0.041085392	0.698451657	940.0851164	12.01747704	48.98	2.623	213.1202784	11.4131174	0	0	0	0	0.739537049
"4WK"	4	"NO"	12	2	2017-08-10	0.034	0.066	27.47	1.438	0.189666574	0.36817629	153.2394347	8.021780381	56.7	7.247	248.2562907	31.73039399	95.01685606	23.70861361	211.148569	43.90484001	0.557842864
"PRE"	4	"NO"	12	3	2017-07-05	0.003	0.245	53.39	2.923	0.015899546	1.298462901	282.9589155	15.49145739	71.83	6.279	287.5681288	25.13769011	4.60921329	9.646232722	10.2426962	17.86339393	1.314362447
"24H"	4	"NO"	12	3	2017-07-14	0.007	0.114	61.74	2.296	0.034900683	0.568382552	307.8240244	11.44742404	62.53	5.361	269.193781	23.0792877	0	11.63186366	0	21.54048826	0.603283235
"1WK"	4	"NO"	12	3	2017-07-20	0.028	0.132	254.55	1.524	0.141426254	0.666723769	1285.716178	7.697628972	51.42	2.687	221.4298757	11.57102443	0	3.873395453	0	7.172954543	0.808150023
"4WK"	4	"NO"	12	3	2017-08-10	0.04	0.559	38.16	3.606	0.221819344	3.099925334	211.6156543	19.99701387	50.18	5.227	230.2798561	23.98710258	18.66420177	3.990088711	41.47600394	7.389053169	3.321744678
"PRE"	4	"NO"	12	4	2017-07-05	0	0.192	77.74	3.972	0	1.008450917	408.3175744	20.86232835	96.19	8.218	410.5190969	35.07273042	2.201522511	14.21040207	4.892272246	26.31555939	0.982189174
"24H"	4	"NO"	12	4	2017-07-14	0.016	0.09	72.43	3.132	0.079055332	0.444686242	357.8736055	15.47508122	73.79	4.85	313.4473822	20.60197593	0	5.126894711	0	9.494249465	0.523741574
"1WK"	4	"NO"	12	4	2017-07-20	0.005	0.134	73.39	1.236	0.025764899	0.690499282	378.1771814	6.369082929	40.24	2.57	172.7431718	11.03255347	0	4.663470536	0	8.636056549	0.716264181
"4WK"	4	"NO"	12	4	2017-08-10	0.035	0.046	20.82	1.046	0.186168347	0.244678399	110.7435711	5.563774032	44.22	5.241	190.6828259	22.59992516	79.93925484	17.03615113	177.6427885	31.54842802	0.430846746
"PRE"	4	"NO"	12	5	2017-07-05	0.015	0.3	46.47	3.537	0.07857154	1.571430802	243.4146313	18.52716916	83.14	8.768	339.8339401	35.83911459	96.41930885	17.31194543	214.2651308	32.05915821	1.650002342
"24H"	4	"NO"	12	5	2017-07-14	0.069	0.071	23.58	1.856	0.344718299	0.354710133	117.8037316	9.27242264	54.08	6.09	229.4934007	25.84346913	111.6896691	16.57104649	248.1992648	30.68712313	0.699428432
"1WK"	4	"NO"	12	5	2017-07-20	0.025	0.138	147.75	1.364	0.127754766	0.705206308	755.0306667	6.97030003	40.71	3.061	177.5151358	13.34742891	0	6.377128877	0	11.80949792	0.832961074
"4WK"	4	"NO"	12	5	2017-08-10	0.066	0.016	26.18	1.142	0.363474309	0.088114984	144.1781427	6.289206988	43.38	5.047	188.5164459	21.93274556	44.33830324	15.64353858	98.52956275	28.96951588	0.451589293
"PRE"	1	"LO"	2	1	2017-07-03	0.013	0.184	30.32	1.998	0.068835602	0.974288521	160.5458041	10.57950253	63.88	5.611	278.102397	24.42756026	117.5565929	13.84805774	261.2368731	25.64455136	1.043124123
"24H"	1	"LO"	2	1	2017-07-11	0.005	0.105	30.84	2.426	0.02469468	0.518588286	152.3167879	11.98185887	56.51	5.789	237.4394463	24.3237826	85.12265838	12.34192373	189.1614631	22.85541431	0.543282966
"1WK"	1	"LO"	2	1	2017-07-17	0.016	0.099	42.47	2.749	0.080330316	0.497043833	213.2267836	13.80175249	NA	NA	NA	NA	NA	NA	NA	NA	0.577374149
"4WK"	1	"LO"	2	1	2017-08-07	0.092	0.055	30.49	2.121	0.511663223	0.305885622	169.571866	11.79606191	79.05	7.33	349.6847442	32.4249105	180.1128782	20.62884858	400.2508404	38.20157145	0.817548845
"PRE"	1	"LO"	2	2	2017-07-03	0.01	0.278	47.52	2.788	0.053063246	1.475158251	252.1565471	14.79403311	92.97	8.988	382.7748436	37.00527368	130.6182965	22.21124057	290.2628811	41.13192698	1.528221497
"24H"	1	"LO"	2	2	2017-07-11	0	0.093	32.4	2.229	0	0.461973373	160.9455621	11.07245858	63.97	5.906	269.2031068	24.85404953	108.2575446	13.78159095	240.5723214	25.52146473	0.452038462
"1WK"	1	"LO"	2	2	2017-07-17	0.016	0.113	70.35	2.436	0.081789794	0.577640419	359.6194998	12.45249611	97.71	4.298	426.5401039	18.76235152	66.92060407	6.309855402	148.7124535	11.68491741	0.659430213
"4WK"	1	"LO"	2	2	2017-08-07	0.032	0.03	28.94	1.554	0.17332582	0.162492956	156.7515384	8.417135129	72.54	4.668	307.0125031	19.75647042	150.2609648	11.3393353	333.913255	20.99876907	0.335818776
"PRE"	1	"LO"	2	3	2017-07-03	0	0.249	46.98	2.722	0	1.244495097	234.8047376	13.60448054	79.38	6.003	316.5738611	23.94044959	81.76912347	10.33596905	181.7091633	19.14068342	1.239497125
"24H"	1	"LO"	2	3	2017-07-11	0.004	0.047	30.22	2.044	0.020208929	0.237454921	152.6784622	10.32676296	62.99	5.667	272.9939049	24.5603502	120.3154427	14.23358724	267.3676505	26.35849489	0.25766385
"1WK"	1	"LO"	2	3	2017-07-17	0.069	0.074	37.93	1.861	0.340553973	0.365231797	187.2059736	9.185086129	NA	NA	NA	NA	NA	NA	NA	NA	0.70578577
"4WK"	1	"LO"	2	3	2017-08-07	0.063	0.053	26.51	1.891	0.329729981	0.277391889	138.7482826	9.897133251	88.03	6.91	354.4601799	27.82369468	215.7118972	17.92656143	479.3597716	33.19733599	0.60712187
"PRE"	1	"LO"	2	4	2017-07-03	0.007	0.247	39.92	2.205	0.03574927	1.261438542	203.8729822	11.26102018	84.26	6.29	345.9696788	25.82659957	142.0966966	14.56557938	315.7704368	26.97329515	1.297187812
"24H"	1	"LO"	2	4	2017-07-11	0.002	0.098	69.85	2.327	0.010150667	0.497382662	354.5120301	11.81030056	56.53	5.045	248.1371596	22.14491367	0	10.33461311	0	19.13817243	0.507533329
"1WK"	1	"LO"	2	4	2017-07-17	0.1	0.106	38.04	2.412	0.494759806	0.524445395	188.2066304	11.93360653	NA	NA	NA	NA	NA	NA	NA	NA	1.019205201
"4WK"	1	"LO"	2	4	2017-08-07	0.001	0.042	19.5	1.388	0.005225449	0.219468871	101.8962613	7.252923626	60.02	4.682	251.1357849	19.59043227	149.2395236	12.33750864	331.6433857	22.84723823	0.22469432
"PRE"	1	"LO"	2	5	2017-07-03	0.001	0.203	49.6	2.771	0.005130117	1.041413772	254.4538084	14.2155545	69.66	6.051	299.7433846	26.03714069	45.28957617	11.82158619	100.6435026	21.89182627	1.046543889
"24H"	1	"LO"	2	5	2017-07-11	0.026	0.072	28.93	2.328	0.133511063	0.369722943	148.5567325	11.95437516	65.98	6.061	275.5933283	25.3163256	127.0365958	13.36195044	282.3035462	24.74435266	0.503234006
"1WK"	1	"LO"	2	5	2017-07-17	0.013	0.094	52.11	2.715	0.066554308	0.481238843	266.7803843	13.89961127	94.39	4.551	410.6170812	19.79784232	143.836697	5.898231052	319.6371044	10.9226501	0.547793151
"4WK"	1	"LO"	2	5	2017-08-07	0.005	0.014	24.86	1.471	0.026651659	0.074624644	132.5120465	7.840917958	67.44	5.478	287.0435137	23.31590107	154.5314672	15.47498311	343.4032604	28.65737613	0.101276303
"PRE"	1	"HI"	3	1	2017-07-03	0.053	0.279	44.91	3.426	0.275253954	1.448978359	233.2387746	17.79283103	74.19	8.021	307.0863607	33.20042727	73.8475861	15.40759623	164.1057469	28.53258562	1.724232313
"24H"	1	"HI"	3	1	2017-07-11	0.072	0.105	41.28	3.276	0.366302088	0.534190544	210.0131969	16.66674499	63.26	5.53	268.4505868	23.4671474	58.43738985	6.800402416	129.8608663	12.59333781	0.900492632
"1WK"	1	"HI"	3	1	2017-07-17	0.055	0.081	31.95	2.312	0.281323936	0.414313433	163.4236318	11.82583526	NA	NA	NA	NA	NA	NA	NA	NA	0.695637369
"4WK"	1	"HI"	3	1	2017-08-07	0.014	0.045	34.36	1.882	0.076513255	0.245935463	187.7853892	10.28556759	67.9	5.213	302.2471508	23.20492485	114.4617616	12.91935726	254.3594703	23.92473566	0.322448718
"PRE"	1	"HI"	3	2	2017-07-03	0.003	0.243	48.52	2.417	0.015256071	1.235741766	246.7415246	12.29130802	80.63	7.54	312.2320336	29.19793542	65.49050899	16.90662741	145.5344644	31.30856927	1.250997837
"24H"	1	"HI"	3	2	2017-07-11	0	0.087	54.98	2.846	0	0.43380887	274.1472605	14.19103498	72.59	5.657	311.4242406	24.26955406	37.27698011	10.07851907	82.83773357	18.66392421	0.418849943
"1WK"	1	"HI"	3	2	2017-07-17	0.074	0.144	42.76	2.771	0.369401389	0.718835136	213.4541002	13.83258446	NA	NA	NA	NA	NA	NA	NA	NA	1.088236525
"4WK"	1	"HI"	3	2	2017-08-07	0.023	0.039	25.29	1.67	0.116964427	0.198330985	128.610016	8.492634507	66.19	4.876	280.0744851	20.63216784	151.4644691	12.13953333	336.5877092	22.48061728	0.315295412
"PRE"	1	"HI"	3	3	2017-07-03	0.031	0.297	45.88	3.176	0.165610591	1.586656311	245.1036752	16.9670722	76.2	8.354	338.4132071	37.10110147	93.30953193	20.13402928	207.3545154	37.2852394	1.752266902
"24H"	1	"HI"	3	3	2017-07-11	0.005	0.076	59.16	3.533	0.026563262	0.403761581	314.2965151	18.76960088	110.31	9.88	496.1978485	44.44234198	181.9013334	25.6727411	404.2251854	47.54211315	0.430324843
"1WK"	1	"HI"	3	3	2017-07-17	0.048	0.112	40.01	2.362	0.236666709	0.55222232	197.2715628	11.64597429	NA	NA	NA	NA	NA	NA	NA	NA	0.788889029
"4WK"	1	"HI"	3	3	2017-08-07	0.033	0.057	29.09	1.994	0.175837557	0.303719417	155.0034711	10.6248512	80.9	6.546	332.2365959	26.88282765	177.2331248	16.25797645	393.8513884	30.10736379	0.479556974
"PRE"	1	"HI"	3	4	2017-07-03	0.012	0.288	54.56	3.57	0.061558185	1.477396437	279.8845472	18.31356	78.08	7.469	319.6786865	30.57991944	39.79413929	12.26635944	88.43142065	22.71548044	1.538954622
"24H"	1	"HI"	3	4	2017-07-11	0.017	0.079	32.92	2.503	0.101848642	0.473296629	197.226899	14.99571471	70.73	7.312	363.9777649	37.62767449	166.7508659	22.63195978	370.5574797	41.91103664	0.575145271
"1WK"	1	"HI"	3	4	2017-07-17	0.066	0.108	39.05	2.517	0.338354536	0.553671059	200.1931005	12.90361163	NA	NA	NA	NA	NA	NA	NA	NA	0.892025595
"4WK"	1	"HI"	3	4	2017-08-07	0.057	0.053	64.01	1.501	0.294360597	0.273703713	330.5617864	7.751495725	82.23	5.902	341.5156855	24.5120464	10.95389908	16.76055068	24.34199795	31.03805681	0.56806431
"PRE"	1	"HI"	3	5	2017-07-03	0	0.153	82.68	3.21	0	0.844158042	456.1763853	17.71076677	109.61	7.4	491.1526423	33.15874056	34.97625699	15.44797379	77.72501553	28.60735887	0.805536432
"24H"	1	"HI"	3	5	2017-07-11	0.046	0.061	39.65	2.587	0.282499429	0.374618808	243.5022249	15.88752222	76	8.109	375.8817734	40.10559606	132.3795485	24.21807384	294.1767744	44.8482849	0.657118237
"1WK"	1	"HI"	3	5	2017-07-17	0.055	0.1	55.95	3.083	0.281393811	0.511625112	286.2542499	15.77340219	111.61	6.382	496.7780653	28.40639381	210.5238154	12.63299162	467.8307009	23.39442892	0.793018923
"4WK"	1	"HI"	3	5	2017-08-07	0.073	0.026	32.39	1.694	0.382323981	0.136170185	169.6366265	8.872011279	100.81	8.067	412.9994888	33.04897209	243.3628623	24.17696081	540.8063606	44.77214964	0.518494166
"PRE"	2	"NO"	4	1	2017-07-04	0	0.208	72.07	2.906	0	1.107237095	383.647007	15.4693798	62.85	6.126	278.2098542	27.11716097	0	11.64778117	0	21.56996512	1.085944074
"24H"	2	"NO"	4	1	2017-07-13	0.004	0.127	117.15	2.376	0.021227014	0.6739577	621.6861778	12.60884642	63.34	5.829	279.8901583	25.75749499	0	13.14864857	0	24.3493492	0.695184714
"1WK"	2	"NO"	4	1	2017-07-19	0.041	0.207	25.54	2.158	0.204849817	1.034241758	127.6064469	10.78209524	74.64	5.001	318.9004229	21.36684103	191.293976	10.5847458	425.0977244	19.6013811	1.239091575
"4WK"	2	"NO"	4	1	2017-08-09	0.019	0.046	26.66	1.534	0.102804968	0.248896238	144.2516024	8.300148466	60.82	5.072	266.4362487	22.21908342	122.1846463	13.91893495	271.5214362	25.77580547	0.351701206
"PRE"	2	"NO"	4	2	2017-07-04	0	0.196	50.27	2.251	0	1.056089263	270.8653431	12.12886189	63.22	5.154	272.1380316	22.18600783	1.272688527	10.05714594	2.828196726	18.62434433	1.02914821
"24H"	2	"NO"	4	2	2017-07-13	0.002	0.109	43.67	2.287	0.009906291	0.539892857	216.303863	11.32784371	56.82	5.219	242.6955075	22.29193688	26.39164442	10.96409317	58.64809871	20.30387624	0.549799148
"1WK"	2	"NO"	4	2	2017-07-19	0.013	0.184	45.52	2.475	0.065389903	0.925518626	228.9652601	12.44923152	83.07	4.282	345.9443733	17.83235592	116.9791132	5.383124402	259.9535848	9.968748892	0.990908529
"4WK"	2	"NO"	4	2	2017-08-09	0.03	0.05	18.17	1.219	0.159496542	0.265827569	96.60173874	6.480876143	61.91	4.866	262.1298984	20.60287652	165.5281596	14.12200038	367.8403547	26.15185255	0.425324111
"PRE"	2	"NO"	4	3	2017-07-04	0.019	0.271	48.14	2.822	0.099790123	1.423322284	252.8366595	14.82145935	74.11	7.219	295.2910584	28.76408245	42.45439884	13.9426231	94.34310853	25.8196724	1.523112407
"24H"	2	"NO"	4	3	2017-07-13	0	0.068	30.31	2.021	0	0.350034811	156.0228694	10.40324048	55.52	5.257	240.3260394	22.75565542	84.30317002	12.35241494	187.3403778	22.87484248	0.314001816
"1WK"	2	"NO"	4	3	2017-07-19	0.026	0.179	47.23	2.626	0.129388725	0.89079161	235.0395963	13.06826127	95.59	5.025	403.9195085	21.23334586	168.8799123	8.165084586	375.2886939	15.12052701	1.020180335
"4WK"	2	"NO"	4	3	2017-08-09	0.04	0.033	68.46	1.484	0.214506763	0.176968079	367.1283246	7.958200902	52.23	5.239	225.4152801	22.61058113	0	14.65238023	0	27.13403746	0.391474842
"PRE"	2	"NO"	4	4	2017-07-04	0	0.244	47.63	2.523	0	1.31659844	257.0064906	13.61384371	62.26	5.736	271.0553773	24.97227183	14.04888669	11.35842812	31.2197482	21.03412615	1.311202545
"24H"	2	"NO"	4	4	2017-07-13	0	0.095	46.94	2.366	0	0.501186383	247.6388299	12.48217877	64.09	5.801	282.3769496	25.55888102	34.73811968	13.07670225	77.19582151	24.21611527	0.474808152
"1WK"	2	"NO"	4	4	2017-07-19	0.005	0.163	35.99	2.461	0.025387301	0.827626009	182.7377919	12.4956295	73.53	3.785	312.0414202	16.06251564	129.3036283	3.566886141	287.3413962	6.605344706	0.85301331
"4WK"	2	"NO"	4	4	2017-08-09	0	0.056	17.95	1.301	0	0.307651223	98.61320467	7.147397174	51.85	5.34	219.5435207	22.61065382	120.930316	15.46325664	268.7340355	28.63566045	0.302157451
"PRE"	2	"NO"	4	5	2017-07-04	0.01	0.174	65.11	2.219	0.053548485	0.93174364	348.6541863	11.88240884	92.29	6.5	407.0110206	28.66585366	58.35683429	16.78344482	129.681854	31.08045337	0.985292125
"24H"	2	"NO"	4	5	2017-07-13	0.009	0.127	30.36	2.38	0.052588731	0.74208543	177.3993202	13.90679783	56.01	4.884	277.3578799	24.18525058	99.95855962	10.27845275	222.1301325	19.03417176	0.794674161
"1WK"	2	"NO"	4	5	2017-07-19	0.026	0.171	37.69	2.51	0.129840597	0.853951617	188.2189266	12.53461146	65.83	3.878	281.6363268	16.59100221	93.41740018	4.056390751	207.5942226	7.511834723	0.983792214
"4WK"	2	"NO"	4	5	2017-08-09	0.024	0.01	53.55	1.805	0.127252968	0.05302207	283.9331853	9.570483651	62.6	4.821	272.0600429	20.95210011	0	11.38161646	0	21.07706752	0.180275038
"PRE"	2	"LO"	5	1	2017-07-04	0.004	0.25	60.22	3.612	0.021246189	1.327886792	319.8613706	19.18530838	104.51	7.483	452.4122206	32.39307862	132.5508501	13.20777025	294.5574446	24.45883379	1.349132981
"24H"	2	"LO"	5	1	2017-07-13	0.11	0.186	54.1	3.535	0.575156201	0.97253685	282.8722773	18.48342884	66.38	7.071	290.9231435	30.9900203	8.050866235	12.50659146	17.89081386	23.16035456	1.547693051
"1WK"	2	"LO"	5	1	2017-07-19	0.017	0.185	32.26	2.151	0.0836838	0.910676643	158.8023162	10.58846194	95.75	4.431	398.3228817	18.43309336	239.5205655	7.844631417	532.2679233	14.52709522	0.994360443
"4WK"	2	"LO"	5	1	2017-08-09	0	0.049	17.49	1.217	0	0.274260481	97.89420011	6.811734793	44.51	5.346	213.5120143	25.64446705	115.6178142	18.83273226	256.928476	34.87543011	0.223886107
"PRE"	2	"LO"	5	2	2017-07-04	0.008	0.239	57.6	2.477	0.041305813	1.234011175	297.4018563	12.78931247	129.81	8.962	557.8043161	38.51045591	260.4024599	25.72114344	578.672133	47.63174711	1.275316988
"24H"	2	"LO"	5	2	2017-07-13	0.01	0.152	53.76	2.811	0.050285429	0.764338523	270.3344672	14.13523414	46.8	4.611	198.3125738	19.53887346	0	5.403639321	0	10.00673948	0.814623952
"1WK"	2	"LO"	5	2	2017-07-19	0.026	0.096	27.95	1.817	0.132864329	0.490575985	142.8291541	9.285172557	95.49	4.619	394.4173081	19.07857939	251.588154	9.793406832	559.0847866	18.13593858	0.623440314
"4WK"	2	"LO"	5	2	2017-08-09	0	0.032	16.46	1	0	0.172220489	88.58591411	5.381890286	36.72	4.248	160.9506999	18.61978685	72.36478582	13.23789657	160.8106352	24.51462327	0.00538189
"PRE"	2	"LO"	5	3	2017-07-04	0.005	0.505	46.53	3.414	0.026112653	2.637377953	243.0043488	17.82971947	124.71	11.34	530.7095999	48.25793331	287.7052511	30.42821384	639.3450025	56.34854415	2.663490606
"24H"	2	"LO"	5	3	2017-07-13	0.028	0.118	56.76	2.503	0.139363559	0.587317854	282.5098424	12.45810669	55.42	4.504	234.7577027	19.07882881	0	6.620722128	0	12.26059653	0.726681413
"1WK"	2	"LO"	5	3	2017-07-19	0.024	0.185	32.83	2.268	0.117756339	0.907705112	161.0808585	11.12797402	101.61	4.86	420.4599792	20.11057474	259.3791208	8.98260072	576.3980462	16.63444578	1.025461451
"4WK"	2	"LO"	5	3	2017-08-09	0	0.069	27.74	1.312	0	0.37387487	150.3085348	7.109041012	41.67	4.938	181.3401409	21.48926364	31.03160612	14.38022263	68.95912472	26.63004191	0.303434677
"PRE"	2	"LO"	5	4	2017-07-04	0.001	0.245	80.57	3.371	0.005370146	1.315685677	432.6726327	18.10276089	136.11	9.92	555.1786874	40.46265946	122.5060548	22.35989857	272.2356773	41.40721958	1.321055823
"24H"	2	"LO"	5	4	2017-07-13	0.045	0.103	35.36	2.503	0.228299571	0.522552351	179.3927295	12.69852947	59.85	5.667	257.275916	24.36061179	77.88318647	11.66208233	173.0737477	21.59644875	0.750851922
"1WK"	2	"LO"	5	4	2017-07-19	0.056	0.164	37.61	2.032	0.278891487	0.81675364	187.3055146	10.11977681	103.01	4.946	441.5125559	21.19911758	254.2070413	11.07934077	564.9045362	20.51729772	1.095645127
"4WK"	2	"LO"	5	4	2017-08-09	0.065	0.078	27.4	1.848	0.36219881	0.434638572	152.6807291	10.29759078	55.03	5.906	251.1001864	26.94889516	98.41945728	16.65130438	218.7099051	30.83574886	0.796837382
"PRE"	2	"LO"	5	5	2017-07-04	0.02	0.174	32.79	1.739	0.102279737	0.889833716	167.6876295	8.893223168	88.33	7.398	369.1964223	30.92171552	201.5087928	22.02849235	447.7973173	40.79350436	0.992113453
"24H"	2	"LO"	5	5	2017-07-13	0.021	0.154	33.66	2.571	0.104767949	0.768298291	167.928055	12.8265903	60.56	6.479	260.0170387	27.81787308	92.0889837	14.99128278	204.642186	27.76163478	0.87306624
"1WK"	2	"LO"	5	5	2017-07-19	0.075	0.062	29.15	1.353	0.382942228	0.316565575	148.8368792	6.908277787	77.85	3.212	330.1169479	13.62023939	181.2800687	6.711961605	402.8445972	12.42955853	0.699507803
"4WK"	2	"LO"	5	5	2017-08-09	0	0.089	58.4	2.82	0	0.472730747	310.1963551	14.97865961	74.78	6.391	332.8798651	28.44925405	22.68350999	13.47059444	50.40779999	24.94554525	0.387745444
"PRE"	2	"HI"	6	1	2017-07-04	0	0.208	59.63	2.452	0	1.083723062	310.6846451	12.77542763	130.81	8.875	553.0049762	37.5194493	242.3203311	24.74402167	538.4896247	45.82226235	1.083723062
"24H"	2	"HI"	6	1	2017-07-13	0.007	0.114	27.9	1.387	0.03761352	0.612563041	149.9167443	7.452850334	59.17	2.778	268.4282595	12.60256388	118.5115152	5.149713546	263.3589226	9.536506566	0.650176561
"1WK"	2	"HI"	6	1	2017-07-19	0.022	0.097	14.65	1.119	0.110837034	0.48869056	73.80738864	5.6375746	86.9	3.759	368.7324394	15.95011783	294.9250508	10.31254323	655.3890018	19.09730229	0.599527594
"4WK"	2	"HI"	6	1	2017-08-09	0.011	0.034	17.96	1.388	0.061892515	0.191304137	101.0535971	7.809710068	54.43	6.181	246.8770365	28.03503514	145.8234394	20.22532507	324.0520875	37.45430568	0.253196652
"PRE"	2	"HI"	6	2	2017-07-04	0.006	0.174	39.38	1.513	0.03064486	0.888700946	201.1324325	7.727612249	83.72	6.504	336.7836514	26.16388997	135.6512189	18.43627772	301.4471531	34.14125505	0.919345806
"24H"	2	"HI"	6	2	2017-07-13	0.073	0.151	48.64	2.475	0.36820173	0.761622756	245.3333169	12.4835518	48.53	4.435	206.1595937	18.84025959	0	6.356707794	0	11.7716811	1.129824486
"1WK"	2	"HI"	6	2	2017-07-19	0.032	0.162	29.54	1.86	0.160852606	0.814316318	148.487062	9.349557729	86.37	4.205	378.3760583	18.42157376	229.8889964	9.072016028	510.8644364	16.80002968	0.975168924
"4WK"	2	"HI"	6	2	2017-08-09	0	0.085	33.23	1.371	0	0.477776064	186.7823366	7.70624687	45.92	4.684	206.5264396	21.06641644	19.74410295	13.36016957	43.87578433	24.74105476	0.44967159
"PRE"	2	"HI"	6	3	2017-07-04	0.018	0.223	43.21	1.98	0.09220962	1.142374741	221.3543164	10.14305824	87.38	6.803	360.8162362	28.09147236	139.4619198	17.94841412	309.9153774	33.23780393	1.234584361
"24H"	2	"HI"	6	3	2017-07-13	0.05	0.098	21.85	1.825	0.259895158	0.509394509	113.5741839	9.486173255	54	5.508	234.5373172	23.92280635	120.9631333	14.4366331	268.8069629	26.73450574	0.769289667
"1WK"	2	"HI"	6	3	2017-07-19	0.038	0.237	35.92	2.281	0.19101247	1.191314614	180.5570503	11.46577483	96.71	5.36	415.1152154	23.00710945	234.5581651	11.54133462	521.2403669	21.37284189	1.382327084
"4WK"	2	"HI"	6	3	2017-08-09	0	0.052	20.97	1.501	0	0.287661035	116.0048445	8.303446427	52.11	6.328	233.2165676	28.32075302	117.2117231	20.01730659	260.4704958	37.06908628	0.127234688
"PRE"	2	"HI"	6	4	2017-07-04	0	0.178	65.92	2.51	0	0.937350841	347.1357722	13.21770006	115.01	7.507	498.4507796	32.53517088	151.3150075	19.31747082	336.2555722	35.7730941	0.926818809
"24H"	2	"HI"	6	4	2017-07-13	0.024	0.081	36.25	1.926	0.121960302	0.411616021	184.2108734	9.787314269	55.72	5.51	239.7597465	23.70919245	55.54887307	13.92187818	123.4419402	25.78125589	0.533576323
"1WK"	2	"HI"	6	4	2017-07-19	0	0.177	43.86	2.6	0	0.888326802	220.1243702	13.04886828	106.21	6.015	457.5631856	25.91321497	237.4388154	12.86434669	527.641812	23.82286424	0.878289211
"4WK"	2	"HI"	6	4	2017-08-09	0	0.053	21.28	1.45	0	0.297247942	119.3478528	8.132255009	51.68	5.474	231.4542359	24.51587631	112.1063831	16.3836213	249.1252958	30.34003944	0.157036649
"PRE"	2	"HI"	6	5	2017-07-04	0.004	0.231	62.19	2.978	0.021917973	1.265762922	340.7696803	16.31793066	150.81	12.15	627.8856037	50.58557181	287.1159234	34.26764115	638.0353853	63.45859472	1.287680895
"24H"	2	"HI"	6	5	2017-07-13	0.03	0.077	35.74	2.021	0.150214426	0.38555036	178.9554529	10.11944517	40.97	4.262	176.3678742	18.3470803	0	8.227635136	0	15.23636136	0.535764786
"1WK"	2	"HI"	6	5	2017-07-19	0.021	0.337	62.96	2.993	0.113205515	1.81667898	339.4009156	16.13448126	91.62	5.714	423.3983732	26.40578809	83.99745762	10.27130682	186.6610169	19.02093856	1.929884495
"4WK"	2	"HI"	6	5	2017-08-09	0	0.051	35.49	1.683	0	0.275833553	191.9477019	9.102507248	59.41	5.882	252.9483273	25.04363004	61.00062539	15.9411228	135.5569453	29.52059777	0.124395524
"PRE"	3	"LO"	7	1	2017-07-05	0.024	0.252	45.48	2.26	0.129447007	1.359193578	245.3020791	12.1895932	115.21	9.37	475.7738707	38.69456791	230.4717916	26.50497471	512.159537	49.0832865	1.488640585
"24H"	3	"LO"	7	1	2017-07-12	0.041	0.11	42.06	2.649	0.203126825	0.544974409	208.3783968	13.12397464	86.32	8.059	362.0934122	33.80573226	153.7150154	20.68175763	341.588923	38.29955116	0.748101234
"1WK"	3	"LO"	7	1	2017-07-18	0.017	0.13	65.84	3.994	0.095373885	0.729329709	369.3774466	22.40725276	108.61	7.152	500.9598866	32.98835383	131.58244	10.58110107	292.4054223	19.59463161	0.824703594
"4WK"	3	"LO"	7	1	2017-08-08	0.125	0.046	18.59	1.601	0.699090169	0.257265182	103.9686899	8.953946882	52.28	5.77	230.1062237	25.39619186	126.1375338	16.44224498	280.3056306	30.44860181	0.956355351
"PRE"	3	"LO"	7	2	2017-07-05	0	0.38	136.75	3.235	0	1.996533589	718.4893902	16.99680568	83.65	5.946	352.4358894	25.05180871	0	8.055003023	0	14.91667227	1.97026341
"24H"	3	"LO"	7	2	2017-07-12	0.045	0.126	26.45	1.845	0.218063584	0.610578035	128.1729287	8.940606936	57.14	4.367	234.227841	17.90117223	106.0549123	8.960565298	235.6775828	16.59363944	0.828641619
"1WK"	3	"LO"	7	2	2017-07-18	0	0.178	38.01	2.581	0	0.89718599	191.5844915	13.00919686	49.79	3.286	213.7659783	14.1079535	22.1814868	1.098756641	49.2921929	2.03473452	0.882064878
"4WK"	3	"LO"	7	2	2017-08-08	0.215	0.025	19.78	1.489	1.13629745	0.13212761	104.5393654	7.869520479	53.17	6.189	224.3142033	26.11022389	119.7748379	18.24070341	266.1663064	33.77908039	1.26842506
"PRE"	3	"LO"	7	3	2017-07-05	0.001	0.249	44.7	1.875	0.005172799	1.288026899	231.2241059	9.698997732	92.35	7.148	368.4969112	28.52209985	137.2728053	18.82310212	305.0506784	34.85759652	1.293199698
"24H"	3	"LO"	7	3	2017-07-12	0.024	0.127	26.82	2.393	0.116744739	0.617774243	130.4622456	11.64042333	52.7	4.617	222.4826993	19.49151087	92.02045367	7.851087533	204.489897	14.53905099	0.734518982
"1WK"	3	"LO"	7	3	2017-07-18	0.017	0.229	33.96	2.48	0.085957681	1.157900531	171.7131092	12.5397088	68.95	4.88	287.7184312	20.36353799	116.0053219	7.823829185	257.7896043	14.48857256	1.243858212
"4WK"	3	"LO"	7	3	2017-08-08	0.186	0.019	17.37	1.419	0.993060795	0.101441694	92.73906458	7.576092841	49.13	6.025	208.9692308	25.62669683	116.2301662	18.05060399	258.2892582	33.42704443	1.094502489
"PRE"	3	"LO"	7	4	2017-07-05	0	0.369	100.85	2.537	0	1.950328745	533.0370026	13.4091708	103.01	6.667	427.3302697	27.65761487	0	14.24844407	0	26.38600754	1.918616082
"24H"	3	"LO"	7	4	2017-07-12	0.084	0.06	22.97	1.999	0.433893157	0.309923684	118.6491169	10.32562406	60.94	5.659	268.3443415	24.91894698	149.6952246	14.59332291	332.6560547	27.02467206	0.743816841
"1WK"	3	"LO"	7	4	2017-07-18	0.067	0.261	31.33	2.391	0.332779285	1.296349156	155.6115673	11.87575032	59.78	4.51	247.0085409	18.63513749	91.39697359	6.759387178	203.1043858	12.51738366	1.629128441
"4WK"	3	"LO"	7	4	2017-08-08	0.189	0.062	17.14	1.372	1.028049285	0.337243681	93.23155947	7.462876289	52.39	6.423	224.8058678	27.56113932	131.5743083	20.09826303	292.3873519	37.21900561	1.365292966
"PRE"	3	"LO"	7	5	2017-07-05	0.004	0.177	40.13	1.602	0.021199816	0.938091836	212.6871491	8.490526113	77.65	6.045	335.1314484	26.08975667	122.4442993	17.59923056	272.0984428	32.5911677	0.959291652
"24H"	3	"LO"	7	5	2017-07-12	0.143	0.054	22.32	1.91	0.768896232	0.290352423	120.012335	10.26987275	66.89	6.059	311.2338769	28.19204754	191.221542	17.92217479	424.9367599	33.18921258	1.059248655
"1WK"	3	"LO"	7	5	2017-07-18	0.006	0.098	33.43	1.712	0.029749959	0.485916005	165.7568576	8.488655108	59.78	3.678	247.3576675	15.21882739	81.60080989	6.730172278	181.3351331	12.463282	0.515665964
"4WK"	3	"LO"	7	5	2017-08-08	0.108	0.035	29.32	2.273	0.57582907	0.186611273	156.326929	12.11906923	63.1	7.938	273.7254531	34.43474876	117.398524	22.31567953	260.885609	41.32533247	0.762440343
"PRE"	3	"NO"	8	1	2017-07-05	0	0.196	76.51	2.194	0	1.04226307	406.8548341	11.66696518	121.31	7.356	497.3264044	30.15689581	90.4715703	18.48993063	201.047934	34.24061228	1.026310064
"24H"	3	"NO"	8	1	2017-07-12	0.021	0.096	30.2	2.283	0.105574563	0.482626573	151.8262762	11.4774632	55.51	5.264	241.9035757	22.93965812	90.07729943	11.46219492	200.1717765	21.22628689	0.588201136
"1WK"	3	"NO"	8	1	2017-07-18	0.027	0.123	70.04	4.027	0.133278475	0.607157499	345.7342375	19.87823778	110.01	7.366	455.5583901	30.50307337	109.8241527	10.62483559	244.0536726	19.67562146	0.740435974
"4WK"	3	"NO"	8	1	2017-08-08	0	0.037	67.69	1.38	0	0.201715499	369.0303275	7.52344293	57.89	5.682	253.5019524	24.8816392	0	17.35819627	0	32.14480792	0.201715499
"PRE"	3	"NO"	8	2	2017-07-05	0.012	0.205	52.02	2.418	0.062877518	1.074157594	272.5740392	12.66981981	102.01	7.722	47.34620942	3.584035184	0	0	0	0	1.137035112
"24H"	3	"NO"	8	2	2017-07-12	0.007	0.131	41.84	2.645	0.035912873	0.672083758	214.6563698	13.56993542	79.47	7.475	351.2021011	33.03429855	136.5457313	19.46436313	303.4349585	36.0451169	0.707996631
"1WK"	3	"NO"	8	2	2017-07-18	0.052	0.045	38.3	1.931	0.277369375	0.24003119	204.2932128	10.30000507	59.81	3.817	261.5478385	16.69165858	57.2546257	6.391653515	127.2325015	11.8363954	0.517400565
"4WK"	3	"NO"	8	2	2017-08-08	0.018	0.064	119.65	1.593	0.097222327	0.345679385	646.2584121	8.604175934	81.85	7.34	347.4033262	31.15382302	0	22.54964708	0	41.75860571	0.442901712
"PRE"	3	"NO"	8	3	2017-07-05	0	0.199	38.82	2.022	0	1.073958257	209.5028117	10.91227937	79.95	7.126	347.2571232	30.9512728	137.7543115	20.03899342	306.1206922	37.10924708	1.073958257
"24H"	3	"NO"	8	3	2017-07-12	0.075	0.109	27.68	2.083	0.367438325	0.534010366	135.6092379	10.20498708	56.04	5.593	240.6413611	24.01690101	105.0321233	13.81191393	233.4047183	25.57761839	0.901448691
"1WK"	3	"NO"	8	3	2017-07-18	0.001	0.148	484.75	2.521	0.004881621	0.72247985	2366.365591	12.30656556	72.69	3.399	297.8844758	13.92914202	0	1.622576455	0	3.004771212	0.727361471
"4WK"	3	"NO"	8	3	2017-08-08	0.146	0.05	22.05	1.752	0.804573769	0.275538962	121.5126822	9.654885222	54.07	6.237	237.1044552	27.35011072	115.591773	17.6952255	256.8706067	32.76893611	1.080112731
"PRE"	3	"NO"	8	4	2017-07-05	0.004	0.235	62.69	2.338	0.017874331	1.050116929	280.135448	10.4475463	71.66	6.623	250.0541785	23.11064505	0	12.66309875	0	23.45018288	1.06799126
"24H"	3	"NO"	8	4	2017-07-12	0.087	0.084	33.97	2.507	0.43201046	0.417113547	168.6827048	12.44885313	53.78	4.66	231.2484837	20.03752201	62.56577893	7.588668885	139.0350643	14.05309053	0.849124007
"1WK"	3	"NO"	8	4	2017-07-18	0	0.058	62.37	1.753	0	0.298611977	321.110845	9.025289582	65.14	3.771	280.3584145	16.23014401	0	7.204854432	0	13.34232302	0.293463495
"4WK"	3	"NO"	8	4	2017-08-08	0.382	0.033	9.15	1.089	2.035508958	0.175842397	48.75630095	5.802799097	57.79	5.72	243.5724819	24.10857582	194.8161809	18.30577672	432.9248465	33.89958652	2.211351355
"PRE"	3	"NO"	8	5	2017-07-05	0.054	0.231	19.87	1.349	0.346384101	1.481754211	127.4565203	8.653188014	81.59	6.548	394.8709617	31.69034266	267.4144415	23.03715464	594.2543143	42.66139749	1.828138312
"24H"	3	"NO"	8	5	2017-07-12	0.017	0.086	32.62	1.773	0.091622066	0.463499861	175.8065752	9.555642482	49.04	4.555	229.5920705	21.32528306	53.78549534	11.76964058	119.523323	21.7956307	0.555121927
"1WK"	3	"NO"	8	5	2017-07-18	0	0.144	32.37	1.692	0	0.760740281	171.0080756	8.938698299	61.59	4.334	270.2137343	19.01455308	99.20565869	10.07585479	220.4570193	18.65899034	0.755457362
"4WK"	3	"NO"	8	5	2017-08-08	0.221	0.022	12.14	1.094	1.342644428	0.133656911	73.75431382	6.646393684	41.97	5.251	213.8549778	26.75607549	140.1006639	20.1096818	311.3348087	37.24015149	1.476301339
"PRE"	3	"HI"	9	1	2017-07-05	0.04	0.22	53.66	3.327	0.212349034	1.167919689	284.8662296	17.66213093	84.34	7.639	344.4401104	31.19727298	59.57388081	13.53514205	132.3864018	25.06507787	1.380268723
"24H"	3	"HI"	9	1	2017-07-12	0.128	0.091	38.76	3.146	0.647466296	0.46030807	196.0608879	15.91350757	86.17	9.77	373.0748374	42.29942162	177.0139495	26.38591405	393.3643322	48.8628038	1.107774366
"1WK"	3	"HI"	9	1	2017-07-18	0.087	0.296	85.08	4.612	0.442065303	1.504038272	432.3093791	23.43454227	125.81	8.277	525.0067065	34.54002472	92.69732737	11.10548244	205.9940608	20.56570823	1.946103575
"4WK"	3	"HI"	9	1	2017-08-08	0.188	0.079	35.91	2.851	1.104849533	0.464271878	211.0380145	16.75492563	66.33	8.62	306.5262328	39.83500869	95.48821826	23.08008306	212.1960406	42.74089456	1.569121411
"PRE"	3	"HI"	9	2	2017-07-05	0	0.197	49.27	2.982	0	1.030130077	257.6371009	15.59313649	84.01	7.017	332.3509573	27.75986987	74.71385642	12.16673338	166.030792	22.53098774	1.02490099
"24H"	3	"HI"	9	2	2017-07-12	0.179	0.089	23.07	2.332	0.888246688	0.441642208	114.479615	11.5720183	47.35	5.536	204.6156683	23.92296389	90.13605335	12.35094559	200.3023408	22.87212145	1.329888896
"1WK"	3	"HI"	9	2	2017-07-18	0.026	0.146	59.83	1.801	0.131909457	0.740722334	303.5439537	9.1372666	59.17	3.418	256.4961405	14.81669441	0	5.679427807	0	10.5174589	0.872631791
"4WK"	3	"HI"	9	2	2017-08-08	0.167	0.06	22.98	1.694	0.903201972	0.324503703	124.2849181	9.161821206	51.03	6.185	221.1578695	26.80504454	96.87295138	17.64322333	215.2732253	32.6726358	1.227705675
"PRE"	3	"HI"	9	3	2017-07-05	0.013	0.177	39.71	2.432	0.067510234	0.919177804	206.2178	12.62960689	76.82	7.243	329.8499378	31.10001431	123.6321378	18.47040742	274.7380841	34.20445819	0.986688038
"24H"	3	"HI"	9	3	2017-07-12	0.006	0.151	269.45	2.527	0.030411191	0.765348319	1365.715924	12.80818015	85.98	5.74	369.3155712	24.65540101	0	11.84722086	0	21.93929789	0.79575951
"1WK"	3	"HI"	9	3	2017-07-18	0.047	0.281	51.72	3.144	0.233951321	1.39873024	257.4460072	15.64985009	71.9	5.7	302.5104645	23.98205352	45.06445732	8.332203426	100.1432385	15.43000634	1.632681561
"4WK"	3	"HI"	9	3	2017-08-08	0.174	0.045	16.64	1.377	0.910340454	0.235432876	87.05784568	7.204246004	43.89	5.686	182.7056577	23.66972818	95.64781201	16.46548217	212.5506933	30.49163365	1.14577333
"PRE"	3	"HI"	9	4	2017-07-05	0.035	0.22	42.78	3.003	0.18321071	1.151610176	223.9358332	15.7194789	74.35	7.035	325.7680293	30.82418408	101.8321961	15.10470518	226.2937691	27.97167626	1.334820886
"24H"	3	"HI"	9	4	2017-07-12	0.011	0.154	61.65	3.668	0.05706082	0.798851476	319.7999577	19.0271897	82.14	6.582	362.1589206	29.02033133	42.35896291	9.993141633	94.13102868	18.50581784	0.855912296
"1WK"	3	"HI"	9	4	2017-07-18	0.037	0.148	47.93	2.038	0.185368086	0.741472344	240.1268205	10.21027457	70.51	2.705	307.0636112	11.77998962	66.93679067	1.569715051	148.7484237	2.906879724	0.92684043
"4WK"	3	"HI"	9	4	2017-08-08	0.147	0.067	18.64	1.378	0.780376675	0.355681886	98.95388586	7.315367742	43.31	6.661	180.4972699	27.76015504	81.54338406	20.4447873	181.2075201	37.86071722	1.136058561
"PRE"	3	"HI"	9	5	2017-07-05	0.014	0.137	31.64	2.106	0.083389115	0.816022052	188.4593994	12.54410541	53.85	5.484	269.3769933	27.4329328	80.91759391	14.88882739	179.8168753	27.57190258	0.899411167
"24H"	3	"HI"	9	5	2017-07-12	0.004	0.162	28.55	2.539	0.022787261	0.922884076	162.6440764	14.46421401	59	5.692	292.9319588	28.2604866	130.2878823	13.79627259	289.5286274	25.54865294	0.945671337
"1WK"	3	"HI"	9	5	2017-07-18	0.001	0.165	38.37	1.417	0.005041956	0.831922693	193.4598408	7.14445125	53.25	3.27	225.2203133	13.83043051	31.76047249	6.685979258	70.57882775	12.38144307	0.836964649
"4WK"	3	"HI"	9	5	2017-08-08	0.15	0.027	21.3	1.35	0.807257257	0.145306306	114.6305305	7.265315315	45.69	5.597	196.2762789	24.04373677	81.64574841	16.77842146	181.4349965	31.07115085	0.952563563
